 v-sweep         Vout           
-4.00000000e-04  5.40291769e-01 
-3.99200000e-04  5.40389657e-01 
-3.98400000e-04  5.40487917e-01 
-3.97600000e-04  5.40586420e-01 
-3.96800000e-04  5.40685171e-01 
-3.96000000e-04  5.40784185e-01 
-3.95200000e-04  5.40883457e-01 
-3.94400000e-04  5.40982962e-01 
-3.93600000e-04  5.41082740e-01 
-3.92800000e-04  5.41182781e-01 
-3.92000000e-04  5.41283071e-01 
-3.91200000e-04  5.41383619e-01 
-3.90400000e-04  5.41484440e-01 
-3.89600000e-04  5.41585516e-01 
-3.88800000e-04  5.41686854e-01 
-3.88000000e-04  5.41788470e-01 
-3.87200000e-04  5.41890358e-01 
-3.86400000e-04  5.41992504e-01 
-3.85600000e-04  5.42094917e-01 
-3.84800000e-04  5.42197614e-01 
-3.84000000e-04  5.42300588e-01 
-3.83200000e-04  5.42403826e-01 
-3.82400000e-04  5.42507338e-01 
-3.81600000e-04  5.42611139e-01 
-3.80800000e-04  5.42715224e-01 
-3.80000000e-04  5.42819579e-01 
-3.79200000e-04  5.42924214e-01 
-3.78400000e-04  5.43029145e-01 
-3.77600000e-04  5.43134365e-01 
-3.76800000e-04  5.43239875e-01 
-3.76000000e-04  5.43345648e-01 
-3.75200000e-04  5.43451744e-01 
-3.74400000e-04  5.43558116e-01 
-3.73600000e-04  5.43664790e-01 
-3.72800000e-04  5.43771763e-01 
-3.72000000e-04  5.43879022e-01 
-3.71200000e-04  5.43986576e-01 
-3.70400000e-04  5.44094443e-01 
-3.69600000e-04  5.44202617e-01 
-3.68800000e-04  5.44311096e-01 
-3.68000000e-04  5.44419870e-01 
-3.67200000e-04  5.44528960e-01 
-3.66400000e-04  5.44638350e-01 
-3.65600000e-04  5.44748062e-01 
-3.64800000e-04  5.44858090e-01 
-3.64000000e-04  5.44968435e-01 
-3.63200000e-04  5.45079098e-01 
-3.62400000e-04  5.45190066e-01 
-3.61600000e-04  5.45301364e-01 
-3.60800000e-04  5.45412988e-01 
-3.60000000e-04  5.45524924e-01 
-3.59200000e-04  5.45637196e-01 
-3.58400000e-04  5.45749800e-01 
-3.57600000e-04  5.45862736e-01 
-3.56800000e-04  5.45976004e-01 
-3.56000000e-04  5.46089607e-01 
-3.55200000e-04  5.46203532e-01 
-3.54400000e-04  5.46317819e-01 
-3.53600000e-04  5.46432426e-01 
-3.52800000e-04  5.46547384e-01 
-3.52000000e-04  5.46662688e-01 
-3.51200000e-04  5.46778326e-01 
-3.50400000e-04  5.46894336e-01 
-3.49600000e-04  5.47010677e-01 
-3.48800000e-04  5.47127379e-01 
-3.48000000e-04  5.47244438e-01 
-3.47200000e-04  5.47361855e-01 
-3.46400000e-04  5.47479632e-01 
-3.45600000e-04  5.47597770e-01 
-3.44800000e-04  5.47716273e-01 
-3.44000000e-04  5.47835142e-01 
-3.43200000e-04  5.47954380e-01 
-3.42400000e-04  5.48073988e-01 
-3.41600000e-04  5.48193970e-01 
-3.40800000e-04  5.48314327e-01 
-3.40000000e-04  5.48435062e-01 
-3.39200000e-04  5.48556177e-01 
-3.38400000e-04  5.48677674e-01 
-3.37600000e-04  5.48799557e-01 
-3.36800000e-04  5.48921842e-01 
-3.36000000e-04  5.49044491e-01 
-3.35200000e-04  5.49167555e-01 
-3.34400000e-04  5.49291006e-01 
-3.33600000e-04  5.49414851e-01 
-3.32800000e-04  5.49539111e-01 
-3.32000000e-04  5.49663747e-01 
-3.31200000e-04  5.49788811e-01 
-3.30400000e-04  5.49914274e-01 
-3.29600000e-04  5.50040145e-01 
-3.28800000e-04  5.50166428e-01 
-3.28000000e-04  5.50293126e-01 
-3.27200000e-04  5.50420258e-01 
-3.26400000e-04  5.50547801e-01 
-3.25600000e-04  5.50675764e-01 
-3.24800000e-04  5.50804168e-01 
-3.24000000e-04  5.50932990e-01 
-3.23200000e-04  5.51062242e-01 
-3.22400000e-04  5.51191927e-01 
-3.21600000e-04  5.51322066e-01 
-3.20800000e-04  5.51452635e-01 
-3.20000000e-04  5.51583660e-01 
-3.19200000e-04  5.51715120e-01 
-3.18400000e-04  5.51847026e-01 
-3.17600000e-04  5.51979399e-01 
-3.16800000e-04  5.52112218e-01 
-3.16000000e-04  5.52245507e-01 
-3.15200000e-04  5.52379247e-01 
-3.14400000e-04  5.52513448e-01 
-3.13600000e-04  5.52648133e-01 
-3.12800000e-04  5.52783294e-01 
-3.12000000e-04  5.52918914e-01 
-3.11200000e-04  5.53055009e-01 
-3.10400000e-04  5.53191600e-01 
-3.09600000e-04  5.53328680e-01 
-3.08800000e-04  5.53466233e-01 
-3.08000000e-04  5.53604290e-01 
-3.07200000e-04  5.53742845e-01 
-3.06400000e-04  5.53881883e-01 
-3.05600000e-04  5.54021418e-01 
-3.04800000e-04  5.54161491e-01 
-3.04000000e-04  5.54302049e-01 
-3.03200000e-04  5.54443112e-01 
-3.02400000e-04  5.54584723e-01 
-3.01600000e-04  5.54726829e-01 
-3.00800000e-04  5.54869452e-01 
-3.00000000e-04  5.55012634e-01 
-2.99200000e-04  5.55156322e-01 
-2.98400000e-04  5.55300555e-01 
-2.97600000e-04  5.55445330e-01 
-2.96800000e-04  5.55590630e-01 
-2.96000000e-04  5.55736508e-01 
-2.95200000e-04  5.55882910e-01 
-2.94400000e-04  5.56029893e-01 
-2.93600000e-04  5.56177409e-01 
-2.92800000e-04  5.56325497e-01 
-2.92000000e-04  5.56474154e-01 
-2.91200000e-04  5.56623383e-01 
-2.90400000e-04  5.56773188e-01 
-2.89600000e-04  5.56923573e-01 
-2.88800000e-04  5.57074541e-01 
-2.88000000e-04  5.57226098e-01 
-2.87200000e-04  5.57378247e-01 
-2.86400000e-04  5.57530993e-01 
-2.85600000e-04  5.57684341e-01 
-2.84800000e-04  5.57838295e-01 
-2.84000000e-04  5.57992860e-01 
-2.83200000e-04  5.58148058e-01 
-2.82400000e-04  5.58303845e-01 
-2.81600000e-04  5.58460285e-01 
-2.80800000e-04  5.58617344e-01 
-2.80000000e-04  5.58775034e-01 
-2.79200000e-04  5.58933382e-01 
-2.78400000e-04  5.59092341e-01 
-2.77600000e-04  5.59251977e-01 
-2.76800000e-04  5.59412258e-01 
-2.76000000e-04  5.59573195e-01 
-2.75200000e-04  5.59734814e-01 
-2.74400000e-04  5.59897090e-01 
-2.73600000e-04  5.60060037e-01 
-2.72800000e-04  5.60223683e-01 
-2.72000000e-04  5.60388020e-01 
-2.71200000e-04  5.60553010e-01 
-2.70400000e-04  5.60718726e-01 
-2.69600000e-04  5.60885153e-01 
-2.68800000e-04  5.61052271e-01 
-2.68000000e-04  5.61220117e-01 
-2.67200000e-04  5.61388667e-01 
-2.66400000e-04  5.61557959e-01 
-2.65600000e-04  5.61727986e-01 
-2.64800000e-04  5.61898733e-01 
-2.64000000e-04  5.62070237e-01 
-2.63200000e-04  5.62242475e-01 
-2.62400000e-04  5.62415484e-01 
-2.61600000e-04  5.62589261e-01 
-2.60800000e-04  5.62763807e-01 
-2.60000000e-04  5.62939129e-01 
-2.59200000e-04  5.63115211e-01 
-2.58400000e-04  5.63292096e-01 
-2.57600000e-04  5.63469781e-01 
-2.56800000e-04  5.63648246e-01 
-2.56000000e-04  5.63827557e-01 
-2.55200000e-04  5.64007651e-01 
-2.54400000e-04  5.64188579e-01 
-2.53600000e-04  5.64370340e-01 
-2.52800000e-04  5.64552938e-01 
-2.52000000e-04  5.64736402e-01 
-2.51200000e-04  5.64920680e-01 
-2.50400000e-04  5.65105849e-01 
-2.49600000e-04  5.65291873e-01 
-2.48800000e-04  5.65478765e-01 
-2.48000000e-04  5.65666538e-01 
-2.47200000e-04  5.65855223e-01 
-2.46400000e-04  5.66044789e-01 
-2.45600000e-04  5.66235254e-01 
-2.44800000e-04  5.66426632e-01 
-2.44000000e-04  5.66618930e-01 
-2.43200000e-04  5.66812181e-01 
-2.42400000e-04  5.67006354e-01 
-2.41600000e-04  5.67201492e-01 
-2.40800000e-04  5.67397568e-01 
-2.40000000e-04  5.67594602e-01 
-2.39200000e-04  5.67792631e-01 
-2.38400000e-04  5.67991650e-01 
-2.37600000e-04  5.68191638e-01 
-2.36800000e-04  5.68392619e-01 
-2.36000000e-04  5.68594657e-01 
-2.35200000e-04  5.68797680e-01 
-2.34400000e-04  5.69001721e-01 
-2.33600000e-04  5.69206847e-01 
-2.32800000e-04  5.69412987e-01 
-2.32000000e-04  5.69620199e-01 
-2.31200000e-04  5.69828485e-01 
-2.30400000e-04  5.70037826e-01 
-2.29600000e-04  5.70248300e-01 
-2.28800000e-04  5.70459838e-01 
-2.28000000e-04  5.70672526e-01 
-2.27200000e-04  5.70886297e-01 
-2.26400000e-04  5.71101241e-01 
-2.25600000e-04  5.71317290e-01 
-2.24800000e-04  5.71534535e-01 
-2.24000000e-04  5.71752933e-01 
-2.23200000e-04  5.71972507e-01 
-2.22400000e-04  5.72193297e-01 
-2.21600000e-04  5.72415245e-01 
-2.20800000e-04  5.72638448e-01 
-2.20000000e-04  5.72862892e-01 
-2.19200000e-04  5.73088526e-01 
-2.18400000e-04  5.73315452e-01 
-2.17600000e-04  5.73543657e-01 
-2.16800000e-04  5.73773119e-01 
-2.16000000e-04  5.74003894e-01 
-2.15200000e-04  5.74235955e-01 
-2.14400000e-04  5.74469358e-01 
-2.13600000e-04  5.74704102e-01 
-2.12800000e-04  5.74940198e-01 
-2.12000000e-04  5.75177630e-01 
-2.11200000e-04  5.75416461e-01 
-2.10400000e-04  5.75656691e-01 
-2.09600000e-04  5.75898332e-01 
-2.08800000e-04  5.76141398e-01 
-2.08000000e-04  5.76385904e-01 
-2.07200000e-04  5.76631865e-01 
-2.06400000e-04  5.76879299e-01 
-2.05600000e-04  5.77128222e-01 
-2.04800000e-04  5.77378680e-01 
-2.04000000e-04  5.77630639e-01 
-2.03200000e-04  5.77884132e-01 
-2.02400000e-04  5.78139180e-01 
-2.01600000e-04  5.78395832e-01 
-2.00800000e-04  5.78654057e-01 
-2.00000000e-04  5.78913917e-01 
-1.99200000e-04  5.79175384e-01 
-1.98400000e-04  5.79438524e-01 
-1.97600000e-04  5.79703341e-01 
-1.96800000e-04  5.79969816e-01 
-1.96000000e-04  5.80238023e-01 
-1.95200000e-04  5.80507965e-01 
-1.94400000e-04  5.80779659e-01 
-1.93600000e-04  5.81053124e-01 
-1.92800000e-04  5.81328381e-01 
-1.92000000e-04  5.81605451e-01 
-1.91200000e-04  5.81884357e-01 
-1.90400000e-04  5.82165120e-01 
-1.89600000e-04  5.82447798e-01 
-1.88800000e-04  5.82732356e-01 
-1.88000000e-04  5.83018833e-01 
-1.87200000e-04  5.83307294e-01 
-1.86400000e-04  5.83597740e-01 
-1.85600000e-04  5.83890153e-01 
-1.84800000e-04  5.84184582e-01 
-1.84000000e-04  5.84481092e-01 
-1.83200000e-04  5.84779689e-01 
-1.82400000e-04  5.85080390e-01 
-1.81600000e-04  5.85383222e-01 
-1.80800000e-04  5.85688208e-01 
-1.80000000e-04  5.85995378e-01 
-1.79200000e-04  5.86304758e-01 
-1.78400000e-04  5.86616376e-01 
-1.77600000e-04  5.86930299e-01 
-1.76800000e-04  5.87246491e-01 
-1.76000000e-04  5.87565038e-01 
-1.75200000e-04  5.87885910e-01 
-1.74400000e-04  5.88209196e-01 
-1.73600000e-04  5.88534906e-01 
-1.72800000e-04  5.88863024e-01 
-1.72000000e-04  5.89193685e-01 
-1.71200000e-04  5.89526796e-01 
-1.70400000e-04  5.89862466e-01 
-1.69600000e-04  5.90200713e-01 
-1.68800000e-04  5.90541605e-01 
-1.68000000e-04  5.90885104e-01 
-1.67200000e-04  5.91231261e-01 
-1.66400000e-04  5.91580157e-01 
-1.65600000e-04  5.91931796e-01 
-1.64800000e-04  5.92286162e-01 
-1.64000000e-04  5.92643313e-01 
-1.63200000e-04  5.93003377e-01 
-1.62400000e-04  5.93366244e-01 
-1.61600000e-04  5.93732075e-01 
-1.60800000e-04  5.94100814e-01 
-1.60000000e-04  5.94472506e-01 
-1.59200000e-04  5.94847236e-01 
-1.58400000e-04  5.95224960e-01 
-1.57600000e-04  5.95605732e-01 
-1.56800000e-04  5.95989682e-01 
-1.56000000e-04  5.96376688e-01 
-1.55200000e-04  5.96766871e-01 
-1.54400000e-04  5.97160243e-01 
-1.53600000e-04  5.97556827e-01 
-1.52800000e-04  5.97956649e-01 
-1.52000000e-04  5.98359784e-01 
-1.51200000e-04  5.98766178e-01 
-1.50400000e-04  5.99175878e-01 
-1.49600000e-04  5.99588964e-01 
-1.48800000e-04  6.00005428e-01 
-1.48000000e-04  6.00425281e-01 
-1.47200000e-04  6.00848539e-01 
-1.46400000e-04  6.01275220e-01 
-1.45600000e-04  6.01705391e-01 
-1.44800000e-04  6.02138979e-01 
-1.44000000e-04  6.02576074e-01 
-1.43200000e-04  6.03016606e-01 
-1.42400000e-04  6.03460717e-01 
-1.41600000e-04  6.03908243e-01 
-1.40800000e-04  6.04359348e-01 
-1.40000000e-04  6.04813868e-01 
-1.39200000e-04  6.05271969e-01 
-1.38400000e-04  6.05733590e-01 
-1.37600000e-04  6.06198651e-01 
-1.36800000e-04  6.06667233e-01 
-1.36000000e-04  6.07139295e-01 
-1.35200000e-04  6.07614814e-01 
-1.34400000e-04  6.08093771e-01 
-1.33600000e-04  6.08576203e-01 
-1.32800000e-04  6.09061988e-01 
-1.32000000e-04  6.09551129e-01 
-1.31200000e-04  6.10043723e-01 
-1.30400000e-04  6.10539541e-01 
-1.29600000e-04  6.11038727e-01 
-1.28800000e-04  6.11541059e-01 
-1.28000000e-04  6.12046680e-01 
-1.27200000e-04  6.12555424e-01 
-1.26400000e-04  6.13067330e-01 
-1.25600000e-04  6.13582252e-01 
-1.24800000e-04  6.14100237e-01 
-1.24000000e-04  6.14621198e-01 
-1.23200000e-04  6.15145073e-01 
-1.22400000e-04  6.15671802e-01 
-1.21600000e-04  6.16201391e-01 
-1.20800000e-04  6.16733738e-01 
-1.20000000e-04  6.17268704e-01 
-1.19200000e-04  6.17806267e-01 
-1.18400000e-04  6.18346507e-01 
-1.17600000e-04  6.18889146e-01 
-1.16800000e-04  6.19434313e-01 
-1.16000000e-04  6.19981806e-01 
-1.15200000e-04  6.20531585e-01 
-1.14400000e-04  6.21083658e-01 
-1.13600000e-04  6.21637849e-01 
-1.12800000e-04  6.22194125e-01 
-1.12000000e-04  6.22752498e-01 
-1.11200000e-04  6.23312860e-01 
-1.10400000e-04  6.23875133e-01 
-1.09600000e-04  6.24439251e-01 
-1.08800000e-04  6.25005148e-01 
-1.08000000e-04  6.25572830e-01 
-1.07200000e-04  6.26142121e-01 
-1.06400000e-04  6.26713061e-01 
-1.05600000e-04  6.27285486e-01 
-1.04800000e-04  6.27859374e-01 
-1.04000000e-04  6.28434818e-01 
-1.03200000e-04  6.29011531e-01 
-1.02400000e-04  6.29589598e-01 
-1.01600000e-04  6.30168937e-01 
-1.00800000e-04  6.30749490e-01 
-1.00000000e-04  6.31331205e-01 
-9.92000000e-05  6.31914102e-01 
-9.84000000e-05  6.32497946e-01 
-9.76000000e-05  6.33082916e-01 
-9.68000000e-05  6.33668895e-01 
-9.60000000e-05  6.34255748e-01 
-9.52000000e-05  6.34843549e-01 
-9.44000000e-05  6.35432150e-01 
-9.36000000e-05  6.36021624e-01 
-9.28000000e-05  6.36611896e-01 
-9.20000000e-05  6.37202921e-01 
-9.12000000e-05  6.37794662e-01 
-9.04000000e-05  6.38387085e-01 
-8.96000000e-05  6.38980160e-01 
-8.88000000e-05  6.39573857e-01 
-8.80000000e-05  6.40168149e-01 
-8.72000000e-05  6.40763009e-01 
-8.64000000e-05  6.41358482e-01 
-8.56000000e-05  6.41954496e-01 
-8.48000000e-05  6.42550938e-01 
-8.40000000e-05  6.43147833e-01 
-8.32000000e-05  6.43745246e-01 
-8.24000000e-05  6.44343111e-01 
-8.16000000e-05  6.44941322e-01 
-8.08000000e-05  6.45539980e-01 
-8.00000000e-05  6.46139031e-01 
-7.92000000e-05  6.46738448e-01 
-7.84000000e-05  6.47338212e-01 
-7.76000000e-05  6.47938236e-01 
-7.68000000e-05  6.48538701e-01 
-7.60000000e-05  6.49139435e-01 
-7.52000000e-05  6.49740451e-01 
-7.44000000e-05  6.50341817e-01 
-7.36000000e-05  6.50943330e-01 
-7.28000000e-05  6.51545210e-01 
-7.20000000e-05  6.52147372e-01 
-7.12000000e-05  6.52749641e-01 
-7.04000000e-05  6.53352246e-01 
-6.96000000e-05  6.53955109e-01 
-6.88000000e-05  6.54558198e-01 
-6.80000000e-05  6.55161428e-01 
-6.72000000e-05  6.55764915e-01 
-6.64000000e-05  6.56368542e-01 
-6.56000000e-05  6.56972490e-01 
-6.48000000e-05  6.57576519e-01 
-6.40000000e-05  6.58180772e-01 
-6.32000000e-05  6.58785215e-01 
-6.24000000e-05  6.59389909e-01 
-6.16000000e-05  6.59994651e-01 
-6.08000000e-05  6.60599669e-01 
-6.00000000e-05  6.61204811e-01 
-5.92000000e-05  6.61810176e-01 
-5.84000000e-05  6.62415645e-01 
-5.76000000e-05  6.63021254e-01 
-5.68000000e-05  6.63627012e-01 
-5.60000000e-05  6.64233069e-01 
-5.52000000e-05  6.64839174e-01 
-5.44000000e-05  6.65445398e-01 
-5.36000000e-05  6.66051908e-01 
-5.28000000e-05  6.66658461e-01 
-5.20000000e-05  6.67265130e-01 
-5.12000000e-05  6.67872082e-01 
-5.04000000e-05  6.68479075e-01 
-4.96000000e-05  6.69086329e-01 
-4.88000000e-05  6.69693616e-01 
-4.80000000e-05  6.70301163e-01 
-4.72000000e-05  6.70908816e-01 
-4.64000000e-05  6.71516604e-01 
-4.56000000e-05  6.72124608e-01 
-4.48000000e-05  6.72732707e-01 
-4.40000000e-05  6.73340938e-01 
-4.32000000e-05  6.73949386e-01 
-4.24000000e-05  6.74558004e-01 
-4.16000000e-05  6.75166706e-01 
-4.08000000e-05  6.75775611e-01 
-4.00000000e-05  6.76384612e-01 
-3.92000000e-05  6.76993822e-01 
-3.84000000e-05  6.77603204e-01 
-3.76000000e-05  6.78212747e-01 
-3.68000000e-05  6.78822449e-01 
-3.60000000e-05  6.79432310e-01 
-3.52000000e-05  6.80042331e-01 
-3.44000000e-05  6.80652588e-01 
-3.36000000e-05  6.81262956e-01 
-3.28000000e-05  6.81873547e-01 
-3.20000000e-05  6.82484248e-01 
-3.12000000e-05  6.83095101e-01 
-3.04000000e-05  6.83706192e-01 
-2.96000000e-05  6.84317475e-01 
-2.88000000e-05  6.84928864e-01 
-2.80000000e-05  6.85540482e-01 
-2.72000000e-05  6.86152293e-01 
-2.64000000e-05  6.86764287e-01 
-2.56000000e-05  6.87376464e-01 
-2.48000000e-05  6.87988824e-01 
-2.40000000e-05  6.88601368e-01 
-2.32000000e-05  6.89214174e-01 
-2.24000000e-05  6.89827041e-01 
-2.16000000e-05  6.90440210e-01 
-2.08000000e-05  6.91053605e-01 
-2.00000000e-05  6.91667129e-01 
-1.92000000e-05  6.92280905e-01 
-1.84000000e-05  6.92894822e-01 
-1.76000000e-05  6.93508997e-01 
-1.68000000e-05  6.94123391e-01 
-1.60000000e-05  6.94737995e-01 
-1.52000000e-05  6.95352807e-01 
-1.44000000e-05  6.95967828e-01 
-1.36000000e-05  6.96583061e-01 
-1.28000000e-05  6.97198581e-01 
-1.20000000e-05  6.97814263e-01 
-1.12000000e-05  6.98430222e-01 
-1.04000000e-05  6.99046343e-01 
-9.60000000e-06  6.99662668e-01 
-8.80000000e-06  7.00279360e-01 
-8.00000000e-06  7.00896172e-01 
-7.20000000e-06  7.01513254e-01 
-6.40000000e-06  7.02130577e-01 
-5.60000000e-06  7.02748136e-01 
-4.80000000e-06  7.03365930e-01 
-4.00000000e-06  7.03984034e-01 
-3.20000000e-06  7.04602324e-01 
-2.40000000e-06  7.05220837e-01 
-1.60000000e-06  7.05839662e-01 
-8.00000000e-07  7.06458751e-01 
 2.96969751e-18  7.07078093e-01 
 8.00000000e-07  7.07697609e-01 
 1.60000000e-06  7.08317427e-01 
 2.40000000e-06  7.08937589e-01 
 3.20000000e-06  7.09557881e-01 
 4.00000000e-06  7.10178541e-01 
 4.80000000e-06  7.10799418e-01 
 5.60000000e-06  7.11420543e-01 
 6.40000000e-06  7.12042000e-01 
 7.20000000e-06  7.12663741e-01 
 8.00000000e-06  7.13285680e-01 
 8.80000000e-06  7.13908015e-01 
 9.60000000e-06  7.14530508e-01 
 1.04000000e-05  7.15153388e-01 
 1.12000000e-05  7.15776427e-01 
 1.20000000e-05  7.16399855e-01 
 1.28000000e-05  7.17023595e-01 
 1.36000000e-05  7.17647549e-01 
 1.44000000e-05  7.18271763e-01 
 1.52000000e-05  7.18896329e-01 
 1.60000000e-05  7.19521200e-01 
 1.68000000e-05  7.20146363e-01 
 1.76000000e-05  7.20771814e-01 
 1.84000000e-05  7.21397632e-01 
 1.92000000e-05  7.22023687e-01 
 2.00000000e-05  7.22650095e-01 
 2.08000000e-05  7.23276739e-01 
 2.16000000e-05  7.23903738e-01 
 2.24000000e-05  7.24531052e-01 
 2.32000000e-05  7.25158671e-01 
 2.40000000e-05  7.25786593e-01 
 2.48000000e-05  7.26414894e-01 
 2.56000000e-05  7.27043446e-01 
 2.64000000e-05  7.27672288e-01 
 2.72000000e-05  7.28301510e-01 
 2.80000000e-05  7.28931062e-01 
 2.88000000e-05  7.29560931e-01 
 2.96000000e-05  7.30191114e-01 
 3.04000000e-05  7.30821612e-01 
 3.12000000e-05  7.31452502e-01 
 3.20000000e-05  7.32083731e-01 
 3.28000000e-05  7.32715210e-01 
 3.36000000e-05  7.33347064e-01 
 3.44000000e-05  7.33979256e-01 
 3.52000000e-05  7.34611776e-01 
 3.60000000e-05  7.35244621e-01 
 3.68000000e-05  7.35877869e-01 
 3.76000000e-05  7.36511467e-01 
 3.84000000e-05  7.37145324e-01 
 3.92000000e-05  7.37779567e-01 
 4.00000000e-05  7.38414233e-01 
 4.08000000e-05  7.39049184e-01 
 4.16000000e-05  7.39684453e-01 
 4.24000000e-05  7.40320053e-01 
 4.32000000e-05  7.40956142e-01 
 4.40000000e-05  7.41592460e-01 
 4.48000000e-05  7.42229238e-01 
 4.56000000e-05  7.42866238e-01 
 4.64000000e-05  7.43503698e-01 
 4.72000000e-05  7.44141535e-01 
 4.80000000e-05  7.44779727e-01 
 4.88000000e-05  7.45418265e-01 
 4.96000000e-05  7.46057151e-01 
 5.04000000e-05  7.46696383e-01 
 5.12000000e-05  7.47336117e-01 
 5.20000000e-05  7.47976091e-01 
 5.28000000e-05  7.48616460e-01 
 5.36000000e-05  7.49257192e-01 
 5.44000000e-05  7.49898357e-01 
 5.52000000e-05  7.50539821e-01 
 5.60000000e-05  7.51181700e-01 
 5.68000000e-05  7.51823952e-01 
 5.76000000e-05  7.52466641e-01 
 5.84000000e-05  7.53109633e-01 
 5.92000000e-05  7.53752965e-01 
 6.00000000e-05  7.54396805e-01 
 6.08000000e-05  7.55040970e-01 
 6.16000000e-05  7.55685484e-01 
 6.24000000e-05  7.56330431e-01 
 6.32000000e-05  7.56975760e-01 
 6.40000000e-05  7.57621457e-01 
 6.48000000e-05  7.58267516e-01 
 6.56000000e-05  7.58914014e-01 
 6.64000000e-05  7.59560898e-01 
 6.72000000e-05  7.60208151e-01 
 6.80000000e-05  7.60855768e-01 
 6.88000000e-05  7.61503827e-01 
 6.96000000e-05  7.62152272e-01 
 7.04000000e-05  7.62801088e-01 
 7.12000000e-05  7.63450347e-01 
 7.20000000e-05  7.64099995e-01 
 7.28000000e-05  7.64750013e-01 
 7.36000000e-05  7.65400397e-01 
 7.44000000e-05  7.66051224e-01 
 7.52000000e-05  7.66702439e-01 
 7.60000000e-05  7.67354024e-01 
 7.68000000e-05  7.68006054e-01 
 7.76000000e-05  7.68658471e-01 
 7.84000000e-05  7.69311259e-01 
 7.92000000e-05  7.69964412e-01 
 8.00000000e-05  7.70618085e-01 
 8.08000000e-05  7.71272090e-01 
 8.16000000e-05  7.71926525e-01 
 8.24000000e-05  7.72581263e-01 
 8.32000000e-05  7.73236503e-01 
 8.40000000e-05  7.73892144e-01 
 8.48000000e-05  7.74548157e-01 
 8.56000000e-05  7.75204532e-01 
 8.64000000e-05  7.75861345e-01 
 8.72000000e-05  7.76518538e-01 
 8.80000000e-05  7.77176172e-01 
 8.88000000e-05  7.77834187e-01 
 8.96000000e-05  7.78492642e-01 
 9.04000000e-05  7.79151475e-01 
 9.12000000e-05  7.79810666e-01 
 9.20000000e-05  7.80470287e-01 
 9.28000000e-05  7.81130360e-01 
 9.36000000e-05  7.81790730e-01 
 9.44000000e-05  7.82451588e-01 
 9.52000000e-05  7.83112751e-01 
 9.60000000e-05  7.83774403e-01 
 9.68000000e-05  7.84436358e-01 
 9.76000000e-05  7.85098796e-01 
 9.84000000e-05  7.85761533e-01 
 9.92000000e-05  7.86424749e-01 
 1.00000000e-04  7.87088258e-01 
 1.00800000e-04  7.87752242e-01 
 1.01600000e-04  7.88416592e-01 
 1.02400000e-04  7.89081355e-01 
 1.03200000e-04  7.89746462e-01 
 1.04000000e-04  7.90411970e-01 
 1.04800000e-04  7.91077814e-01 
 1.05600000e-04  7.91744131e-01 
 1.06400000e-04  7.92410801e-01 
 1.07200000e-04  7.93077782e-01 
 1.08000000e-04  7.93745223e-01 
 1.08800000e-04  7.94412921e-01 
 1.09600000e-04  7.95081055e-01 
 1.10400000e-04  7.95749594e-01 
 1.11200000e-04  7.96418445e-01 
 1.12000000e-04  7.97087577e-01 
 1.12800000e-04  7.97757217e-01 
 1.13600000e-04  7.98427188e-01 
 1.14400000e-04  7.99097352e-01 
 1.15200000e-04  7.99768068e-01 
 1.16000000e-04  8.00438951e-01 
 1.16800000e-04  8.01110289e-01 
 1.17600000e-04  8.01781918e-01 
 1.18400000e-04  8.02453865e-01 
 1.19200000e-04  8.03126215e-01 
 1.20000000e-04  8.03798823e-01 
 1.20800000e-04  8.04471642e-01 
 1.21600000e-04  8.05144977e-01 
 1.22400000e-04  8.05818422e-01 
 1.23200000e-04  8.06492341e-01 
 1.24000000e-04  8.07166344e-01 
 1.24800000e-04  8.07840798e-01 
 1.25600000e-04  8.08515479e-01 
 1.26400000e-04  8.09190474e-01 
 1.27200000e-04  8.09865639e-01 
 1.28000000e-04  8.10541168e-01 
 1.28800000e-04  8.11216862e-01 
 1.29600000e-04  8.11892902e-01 
 1.30400000e-04  8.12569083e-01 
 1.31200000e-04  8.13245501e-01 
 1.32000000e-04  8.13922091e-01 
 1.32800000e-04  8.14598906e-01 
 1.33600000e-04  8.15276030e-01 
 1.34400000e-04  8.15953233e-01 
 1.35200000e-04  8.16630598e-01 
 1.36000000e-04  8.17308137e-01 
 1.36800000e-04  8.17985842e-01 
 1.37600000e-04  8.18663695e-01 
 1.38400000e-04  8.19341679e-01 
 1.39200000e-04  8.20019774e-01 
 1.40000000e-04  8.20697959e-01 
 1.40800000e-04  8.21376213e-01 
 1.41600000e-04  8.22054595e-01 
 1.42400000e-04  8.22733024e-01 
 1.43200000e-04  8.23411459e-01 
 1.44000000e-04  8.24089872e-01 
 1.44800000e-04  8.24768399e-01 
 1.45600000e-04  8.25446896e-01 
 1.46400000e-04  8.26125302e-01 
 1.47200000e-04  8.26803663e-01 
 1.48000000e-04  8.27481969e-01 
 1.48800000e-04  8.28160195e-01 
 1.49600000e-04  8.28838396e-01 
 1.50400000e-04  8.29516398e-01 
 1.51200000e-04  8.30194210e-01 
 1.52000000e-04  8.30871893e-01 
 1.52800000e-04  8.31549356e-01 
 1.53600000e-04  8.32226628e-01 
 1.54400000e-04  8.32903692e-01 
 1.55200000e-04  8.33580350e-01 
 1.56000000e-04  8.34256846e-01 
 1.56800000e-04  8.34932891e-01 
 1.57600000e-04  8.35608700e-01 
 1.58400000e-04  8.36284059e-01 
 1.59200000e-04  8.36959038e-01 
 1.60000000e-04  8.37633624e-01 
 1.60800000e-04  8.38307616e-01 
 1.61600000e-04  8.38981169e-01 
 1.62400000e-04  8.39654127e-01 
 1.63200000e-04  8.40326574e-01 
 1.64000000e-04  8.40998495e-01 
 1.64800000e-04  8.41669686e-01 
 1.65600000e-04  8.42340134e-01 
 1.66400000e-04  8.43009876e-01 
 1.67200000e-04  8.43678964e-01 
 1.68000000e-04  8.44347289e-01 
 1.68800000e-04  8.45014619e-01 
 1.69600000e-04  8.45681170e-01 
 1.70400000e-04  8.46346798e-01 
 1.71200000e-04  8.47011579e-01 
 1.72000000e-04  8.47675250e-01 
 1.72800000e-04  8.48337933e-01 
 1.73600000e-04  8.48999539e-01 
 1.74400000e-04  8.49659914e-01 
 1.75200000e-04  8.50319293e-01 
 1.76000000e-04  8.50977370e-01 
 1.76800000e-04  8.51634176e-01 
 1.77600000e-04  8.52289832e-01 
 1.78400000e-04  8.52944002e-01 
 1.79200000e-04  8.53596788e-01 
 1.80000000e-04  8.54248248e-01 
 1.80800000e-04  8.54898110e-01 
 1.81600000e-04  8.55546492e-01 
 1.82400000e-04  8.56193296e-01 
 1.83200000e-04  8.56838527e-01 
 1.84000000e-04  8.57482058e-01 
 1.84800000e-04  8.58123888e-01 
 1.85600000e-04  8.58763966e-01 
 1.86400000e-04  8.59402233e-01 
 1.87200000e-04  8.60038625e-01 
 1.88000000e-04  8.60673156e-01 
 1.88800000e-04  8.61305706e-01 
 1.89600000e-04  8.61936351e-01 
 1.90400000e-04  8.62564912e-01 
 1.91200000e-04  8.63191527e-01 
 1.92000000e-04  8.63815956e-01 
 1.92800000e-04  8.64438250e-01 
 1.93600000e-04  8.65058302e-01 
 1.94400000e-04  8.65676121e-01 
 1.95200000e-04  8.66291739e-01 
 1.96000000e-04  8.66905050e-01 
 1.96800000e-04  8.67515915e-01 
 1.97600000e-04  8.68124485e-01 
 1.98400000e-04  8.68730536e-01 
 1.99200000e-04  8.69334200e-01 
 2.00000000e-04  8.69935398e-01 
 2.00800000e-04  8.70534078e-01 
 2.01600000e-04  8.71130193e-01 
 2.02400000e-04  8.71723703e-01 
 2.03200000e-04  8.72314567e-01 
 2.04000000e-04  8.72902818e-01 
 2.04800000e-04  8.73488363e-01 
 2.05600000e-04  8.74071227e-01 
 2.06400000e-04  8.74651388e-01 
 2.07200000e-04  8.75228817e-01 
 2.08000000e-04  8.75803413e-01 
 2.08800000e-04  8.76375204e-01 
 2.09600000e-04  8.76944245e-01 
 2.10400000e-04  8.77510456e-01 
 2.11200000e-04  8.78073735e-01 
 2.12000000e-04  8.78634181e-01 
 2.12800000e-04  8.79191799e-01 
 2.13600000e-04  8.79746437e-01 
 2.14400000e-04  8.80298122e-01 
 2.15200000e-04  8.80846982e-01 
 2.16000000e-04  8.81392893e-01 
 2.16800000e-04  8.81935825e-01 
 2.17600000e-04  8.82475763e-01 
 2.18400000e-04  8.83012764e-01 
 2.19200000e-04  8.83546765e-01 
 2.20000000e-04  8.84077815e-01 
 2.20800000e-04  8.84605855e-01 
 2.21600000e-04  8.85130998e-01 
 2.22400000e-04  8.85653009e-01 
 2.23200000e-04  8.86172100e-01 
 2.24000000e-04  8.86688181e-01 
 2.24800000e-04  8.87201237e-01 
 2.25600000e-04  8.87711395e-01 
 2.26400000e-04  8.88218428e-01 
 2.27200000e-04  8.88722552e-01 
 2.28000000e-04  8.89223684e-01 
 2.28800000e-04  8.89721816e-01 
 2.29600000e-04  8.90216953e-01 
 2.30400000e-04  8.90709105e-01 
 2.31200000e-04  8.91198340e-01 
 2.32000000e-04  8.91684561e-01 
 2.32800000e-04  8.92167878e-01 
 2.33600000e-04  8.92648203e-01 
 2.34400000e-04  8.93125593e-01 
 2.35200000e-04  8.93600067e-01 
 2.36000000e-04  8.94071641e-01 
 2.36800000e-04  8.94540329e-01 
 2.37600000e-04  8.95006034e-01 
 2.38400000e-04  8.95468984e-01 
 2.39200000e-04  8.95928942e-01 
 2.40000000e-04  8.96386117e-01 
 2.40800000e-04  8.96840440e-01 
 2.41600000e-04  8.97291918e-01 
 2.42400000e-04  8.97740516e-01 
 2.43200000e-04  8.98186409e-01 
 2.44000000e-04  8.98629474e-01 
 2.44800000e-04  8.99069768e-01 
 2.45600000e-04  8.99507315e-01 
 2.46400000e-04  8.99942139e-01 
 2.47200000e-04  9.00374206e-01 
 2.48000000e-04  9.00803586e-01 
 2.48800000e-04  9.01230305e-01 
 2.49600000e-04  9.01654284e-01 
 2.50400000e-04  9.02075636e-01 
 2.51200000e-04  9.02494394e-01 
 2.52000000e-04  9.02910480e-01 
 2.52800000e-04  9.03323958e-01 
 2.53600000e-04  9.03734854e-01 
 2.54400000e-04  9.04143193e-01 
 2.55200000e-04  9.04548999e-01 
 2.56000000e-04  9.04952245e-01 
 2.56800000e-04  9.05353000e-01 
 2.57600000e-04  9.05751243e-01 
 2.58400000e-04  9.06147042e-01 
 2.59200000e-04  9.06540377e-01 
 2.60000000e-04  9.06931267e-01 
 2.60800000e-04  9.07319736e-01 
 2.61600000e-04  9.07705809e-01 
 2.62400000e-04  9.08089556e-01 
 2.63200000e-04  9.08470865e-01 
 2.64000000e-04  9.08849887e-01 
 2.64800000e-04  9.09226519e-01 
 2.65600000e-04  9.09600912e-01 
 2.66400000e-04  9.09973008e-01 
 2.67200000e-04  9.10342825e-01 
 2.68000000e-04  9.10710385e-01 
 2.68800000e-04  9.11075758e-01 
 2.69600000e-04  9.11438925e-01 
 2.70400000e-04  9.11799862e-01 
 2.71200000e-04  9.12158633e-01 
 2.72000000e-04  9.12515264e-01 
 2.72800000e-04  9.12869778e-01 
 2.73600000e-04  9.13222155e-01 
 2.74400000e-04  9.13572458e-01 
 2.75200000e-04  9.13920669e-01 
 2.76000000e-04  9.14266849e-01 
 2.76800000e-04  9.14610941e-01 
 2.77600000e-04  9.14953044e-01 
 2.78400000e-04  9.15293103e-01 
 2.79200000e-04  9.15631216e-01 
 2.80000000e-04  9.15967369e-01 
 2.80800000e-04  9.16301542e-01 
 2.81600000e-04  9.16633792e-01 
 2.82400000e-04  9.16964143e-01 
 2.83200000e-04  9.17292577e-01 
 2.84000000e-04  9.17619151e-01 
 2.84800000e-04  9.17943849e-01 
 2.85600000e-04  9.18266689e-01 
 2.86400000e-04  9.18587691e-01 
 2.87200000e-04  9.18906876e-01 
 2.88000000e-04  9.19224341e-01 
 2.88800000e-04  9.19539955e-01 
 2.89600000e-04  9.19853807e-01 
 2.90400000e-04  9.20165920e-01 
 2.91200000e-04  9.20476313e-01 
 2.92000000e-04  9.20785005e-01 
 2.92800000e-04  9.21092015e-01 
 2.93600000e-04  9.21397287e-01 
 2.94400000e-04  9.21700910e-01 
 2.95200000e-04  9.22002905e-01 
 2.96000000e-04  9.22303217e-01 
 2.96800000e-04  9.22601935e-01 
 2.97600000e-04  9.22899078e-01 
 2.98400000e-04  9.23194592e-01 
 2.99200000e-04  9.23488528e-01 
 3.00000000e-04  9.23780903e-01 
 3.00800000e-04  9.24071735e-01 
 3.01600000e-04  9.24361041e-01 
 3.02400000e-04  9.24648801e-01 
 3.03200000e-04  9.24935102e-01 
 3.04000000e-04  9.25219891e-01 
 3.04800000e-04  9.25503184e-01 
 3.05600000e-04  9.25785029e-01 
 3.06400000e-04  9.26065410e-01 
 3.07200000e-04  9.26344375e-01 
 3.08000000e-04  9.26621907e-01 
 3.08800000e-04  9.26898019e-01 
 3.09600000e-04  9.27172728e-01 
 3.10400000e-04  9.27446046e-01 
 3.11200000e-04  9.27718056e-01 
 3.12000000e-04  9.27988643e-01 
 3.12800000e-04  9.28257881e-01 
 3.13600000e-04  9.28525787e-01 
 3.14400000e-04  9.28792408e-01 
 3.15200000e-04  9.29057693e-01 
 3.16000000e-04  9.29321655e-01 
 3.16800000e-04  9.29584371e-01 
 3.17600000e-04  9.29845793e-01 
 3.18400000e-04  9.30105947e-01 
 3.19200000e-04  9.30364863e-01 
 3.20000000e-04  9.30622507e-01 
 3.20800000e-04  9.30878938e-01 
 3.21600000e-04  9.31134138e-01 
 3.22400000e-04  9.31388135e-01 
 3.23200000e-04  9.31640925e-01 
 3.24000000e-04  9.31892537e-01 
 3.24800000e-04  9.32142996e-01 
 3.25600000e-04  9.32392256e-01 
 3.26400000e-04  9.32640385e-01 
 3.27200000e-04  9.32887339e-01 
 3.28000000e-04  9.33133185e-01 
 3.28800000e-04  9.33377878e-01 
 3.29600000e-04  9.33621457e-01 
 3.30400000e-04  9.33863934e-01 
 3.31200000e-04  9.34105319e-01 
 3.32000000e-04  9.34345624e-01 
 3.32800000e-04  9.34584829e-01 
 3.33600000e-04  9.34822945e-01 
 3.34400000e-04  9.35060041e-01 
 3.35200000e-04  9.35296069e-01 
 3.36000000e-04  9.35531067e-01 
 3.36800000e-04  9.35765019e-01 
 3.37600000e-04  9.35997960e-01 
 3.38400000e-04  9.36229874e-01 
 3.39200000e-04  9.36460770e-01 
 3.40000000e-04  9.36690713e-01 
 3.40800000e-04  9.36919601e-01 
 3.41600000e-04  9.37147555e-01 
 3.42400000e-04  9.37374529e-01 
 3.43200000e-04  9.37600531e-01 
 3.44000000e-04  9.37825570e-01 
 3.44800000e-04  9.38049657e-01 
 3.45600000e-04  9.38272798e-01 
 3.46400000e-04  9.38495004e-01 
 3.47200000e-04  9.38716282e-01 
 3.48000000e-04  9.38936668e-01 
 3.48800000e-04  9.39156144e-01 
 3.49600000e-04  9.39374691e-01 
 3.50400000e-04  9.39592344e-01 
 3.51200000e-04  9.39809110e-01 
 3.52000000e-04  9.40024999e-01 
 3.52800000e-04  9.40239991e-01 
 3.53600000e-04  9.40454122e-01 
 3.54400000e-04  9.40667397e-01 
 3.55200000e-04  9.40879825e-01 
 3.56000000e-04  9.41091389e-01 
 3.56800000e-04  9.41302120e-01 
 3.57600000e-04  9.41512026e-01 
 3.58400000e-04  9.41721114e-01 
 3.59200000e-04  9.41929342e-01 
 3.60000000e-04  9.42136766e-01 
 3.60800000e-04  9.42343394e-01 
 3.61600000e-04  9.42549232e-01 
 3.62400000e-04  9.42754238e-01 
 3.63200000e-04  9.42958468e-01 
 3.64000000e-04  9.43161928e-01 
 3.64800000e-04  9.43364577e-01 
 3.65600000e-04  9.43566494e-01 
 3.66400000e-04  9.43767612e-01 
 3.67200000e-04  9.43967987e-01 
 3.68000000e-04  9.44167600e-01 
 3.68800000e-04  9.44366459e-01 
 3.69600000e-04  9.44564592e-01 
 3.70400000e-04  9.44761959e-01 
 3.71200000e-04  9.44958636e-01 
 3.72000000e-04  9.45154559e-01 
 3.72800000e-04  9.45349734e-01 
 3.73600000e-04  9.45544213e-01 
 3.74400000e-04  9.45738003e-01 
 3.75200000e-04  9.45931062e-01 
 3.76000000e-04  9.46123419e-01 
 3.76800000e-04  9.46315081e-01 
 3.77600000e-04  9.46506051e-01 
 3.78400000e-04  9.46696337e-01 
 3.79200000e-04  9.46885966e-01 
 3.80000000e-04  9.47074897e-01 
 3.80800000e-04  9.47263136e-01 
 3.81600000e-04  9.47450735e-01 
 3.82400000e-04  9.47637652e-01 
 3.83200000e-04  9.47823938e-01 
 3.84000000e-04  9.48009564e-01 
 3.84800000e-04  9.48194502e-01 
 3.85600000e-04  9.48378836e-01 
 3.86400000e-04  9.48562513e-01 
 3.87200000e-04  9.48745583e-01 
 3.88000000e-04  9.48928007e-01 
 3.88800000e-04  9.49109789e-01 
 3.89600000e-04  9.49290958e-01 
 3.90400000e-04  9.49471515e-01 
 3.91200000e-04  9.49651468e-01 
 3.92000000e-04  9.49830776e-01 
 3.92800000e-04  9.50009509e-01 
 3.93600000e-04  9.50187628e-01 
 3.94400000e-04  9.50365160e-01 
 3.95200000e-04  9.50542087e-01 
 3.96000000e-04  9.50718434e-01 
 3.96800000e-04  9.50894186e-01 
 3.97600000e-04  9.51069345e-01 
 3.98400000e-04  9.51243960e-01 
 3.99200000e-04  9.51417990e-01 
 4.00000000e-04  9.51591441e-01 
