 time            v(inp)          v(out)         
 0.00000000e+00  6.00000000e-01  5.99977353e-01 
 1.10000000e-11  6.00000000e-01  5.99977353e-01 
 2.20000000e-11  6.00000000e-01  5.99977353e-01 
 4.40000000e-11  6.00000000e-01  5.99977353e-01 
 8.80000000e-11  6.00000000e-01  5.99977353e-01 
 1.76000000e-10  6.00000000e-01  5.99977353e-01 
 3.52000000e-10  6.00000000e-01  5.99977353e-01 
 7.04000000e-10  6.00000000e-01  5.99977353e-01 
 1.40800000e-09  6.00000000e-01  5.99977353e-01 
 2.50800000e-09  6.00000000e-01  5.99977353e-01 
 3.60800000e-09  6.00000000e-01  5.99977353e-01 
 4.70800000e-09  6.00000000e-01  5.99977353e-01 
 5.80800000e-09  6.00000000e-01  5.99977353e-01 
 6.90800000e-09  6.00000000e-01  5.99977353e-01 
 8.00800000e-09  6.00000000e-01  5.99977353e-01 
 9.10800000e-09  6.00000000e-01  5.99977353e-01 
 1.02080000e-08  6.00000000e-01  5.99977353e-01 
 1.13080000e-08  6.00000000e-01  5.99977353e-01 
 1.24080000e-08  6.00000000e-01  5.99977353e-01 
 1.35080000e-08  6.00000000e-01  5.99977353e-01 
 1.46080000e-08  6.00000000e-01  5.99977353e-01 
 1.57080000e-08  6.00000000e-01  5.99977353e-01 
 1.68080000e-08  6.00000000e-01  5.99977353e-01 
 1.79080000e-08  6.00000000e-01  5.99977353e-01 
 1.90080000e-08  6.00000000e-01  5.99977353e-01 
 2.01080000e-08  6.00000000e-01  5.99977353e-01 
 2.12080000e-08  6.00000000e-01  5.99977353e-01 
 2.23080000e-08  6.00000000e-01  5.99977353e-01 
 2.34080000e-08  6.00000000e-01  5.99977353e-01 
 2.45080000e-08  6.00000000e-01  5.99977353e-01 
 2.56080000e-08  6.00000000e-01  5.99977353e-01 
 2.67080000e-08  6.00000000e-01  5.99977353e-01 
 2.78080000e-08  6.00000000e-01  5.99977353e-01 
 2.89080000e-08  6.00000000e-01  5.99977353e-01 
 3.00080000e-08  6.00000000e-01  5.99977353e-01 
 3.11080000e-08  6.00000000e-01  5.99977353e-01 
 3.22080000e-08  6.00000000e-01  5.99977353e-01 
 3.33080000e-08  6.00000000e-01  5.99977353e-01 
 3.44080000e-08  6.00000000e-01  5.99977353e-01 
 3.55080000e-08  6.00000000e-01  5.99977353e-01 
 3.66080000e-08  6.00000000e-01  5.99977353e-01 
 3.77080000e-08  6.00000000e-01  5.99977353e-01 
 3.88080000e-08  6.00000000e-01  5.99977353e-01 
 3.99080000e-08  6.00000000e-01  5.99977353e-01 
 4.10080000e-08  6.00000000e-01  5.99977353e-01 
 4.21080000e-08  6.00000000e-01  5.99977353e-01 
 4.32080000e-08  6.00000000e-01  5.99977353e-01 
 4.43080000e-08  6.00000000e-01  5.99977353e-01 
 4.54080000e-08  6.00000000e-01  5.99977353e-01 
 4.65080000e-08  6.00000000e-01  5.99977353e-01 
 4.76080000e-08  6.00000000e-01  5.99977353e-01 
 4.87080000e-08  6.00000000e-01  5.99977353e-01 
 4.98080000e-08  6.00000000e-01  5.99977353e-01 
 5.09080000e-08  6.00000000e-01  5.99977353e-01 
 5.20080000e-08  6.00000000e-01  5.99977353e-01 
 5.31080000e-08  6.00000000e-01  5.99977353e-01 
 5.42080000e-08  6.00000000e-01  5.99977353e-01 
 5.53080000e-08  6.00000000e-01  5.99977353e-01 
 5.64080000e-08  6.00000000e-01  5.99977353e-01 
 5.75080000e-08  6.00000000e-01  5.99977353e-01 
 5.86080000e-08  6.00000000e-01  5.99977353e-01 
 5.97080000e-08  6.00000000e-01  5.99977353e-01 
 6.08080000e-08  6.00000000e-01  5.99977353e-01 
 6.19080000e-08  6.00000000e-01  5.99977353e-01 
 6.30080000e-08  6.00000000e-01  5.99977353e-01 
 6.41080000e-08  6.00000000e-01  5.99977353e-01 
 6.52080000e-08  6.00000000e-01  5.99977353e-01 
 6.63080000e-08  6.00000000e-01  5.99977353e-01 
 6.74080000e-08  6.00000000e-01  5.99977353e-01 
 6.85080000e-08  6.00000000e-01  5.99977353e-01 
 6.96080000e-08  6.00000000e-01  5.99977353e-01 
 7.07080000e-08  6.00000000e-01  5.99977353e-01 
 7.18080000e-08  6.00000000e-01  5.99977353e-01 
 7.29080000e-08  6.00000000e-01  5.99977353e-01 
 7.40080000e-08  6.00000000e-01  5.99977353e-01 
 7.51080000e-08  6.00000000e-01  5.99977353e-01 
 7.62080000e-08  6.00000000e-01  5.99977353e-01 
 7.73080000e-08  6.00000000e-01  5.99977353e-01 
 7.84080000e-08  6.00000000e-01  5.99977353e-01 
 7.95080000e-08  6.00000000e-01  5.99977353e-01 
 8.06080000e-08  6.00000000e-01  5.99977353e-01 
 8.17080000e-08  6.00000000e-01  5.99977353e-01 
 8.28080000e-08  6.00000000e-01  5.99977353e-01 
 8.39080000e-08  6.00000000e-01  5.99977353e-01 
 8.50080000e-08  6.00000000e-01  5.99977353e-01 
 8.61080000e-08  6.00000000e-01  5.99977353e-01 
 8.72080000e-08  6.00000000e-01  5.99977353e-01 
 8.83080000e-08  6.00000000e-01  5.99977353e-01 
 8.94080000e-08  6.00000000e-01  5.99977353e-01 
 9.05080000e-08  6.00000000e-01  5.99977353e-01 
 9.16080000e-08  6.00000000e-01  5.99977353e-01 
 9.27080000e-08  6.00000000e-01  5.99977353e-01 
 9.38080000e-08  6.00000000e-01  5.99977353e-01 
 9.49080000e-08  6.00000000e-01  5.99977353e-01 
 9.60080000e-08  6.00000000e-01  5.99977353e-01 
 9.71080000e-08  6.00000000e-01  5.99977353e-01 
 9.82080000e-08  6.00000000e-01  5.99977353e-01 
 9.93080000e-08  6.00000000e-01  5.99977353e-01 
 1.00000000e-07  6.00000000e-01  5.99977353e-01 
 1.00001000e-07  6.01000000e-01  5.99987164e-01 
 1.00003000e-07  6.03000000e-01  6.00007608e-01 
 1.00007000e-07  6.07000000e-01  6.00048509e-01 
 1.00010000e-07  6.10000000e-01  6.00079030e-01 
 1.00010800e-07  6.10000000e-01  6.00079458e-01 
 1.00012400e-07  6.10000000e-01  6.00079481e-01 
 1.00015600e-07  6.10000000e-01  6.00079423e-01 
 1.00022000e-07  6.10000000e-01  6.00079406e-01 
 1.00034800e-07  6.10000000e-01  6.00079279e-01 
 1.00060400e-07  6.10000000e-01  6.00079123e-01 
 1.00111600e-07  6.10000000e-01  6.00078740e-01 
 1.00214000e-07  6.10000000e-01  6.00078156e-01 
 1.00418800e-07  6.10000000e-01  6.00077220e-01 
 1.00828400e-07  6.10000000e-01  6.00076605e-01 
 1.01647600e-07  6.10000000e-01  6.00079024e-01 
 1.02747600e-07  6.10000000e-01  6.00088256e-01 
 1.03847600e-07  6.10000000e-01  6.00102375e-01 
 1.04947600e-07  6.10000000e-01  6.00120313e-01 
 1.06047600e-07  6.10000000e-01  6.00141326e-01 
 1.07147600e-07  6.10000000e-01  6.00165196e-01 
 1.08247600e-07  6.10000000e-01  6.00191594e-01 
 1.09347600e-07  6.10000000e-01  6.00220496e-01 
 1.10447600e-07  6.10000000e-01  6.00251655e-01 
 1.11547600e-07  6.10000000e-01  6.00285081e-01 
 1.12647600e-07  6.10000000e-01  6.00320537e-01 
 1.13747600e-07  6.10000000e-01  6.00358035e-01 
 1.14847600e-07  6.10000000e-01  6.00397342e-01 
 1.15947600e-07  6.10000000e-01  6.00438471e-01 
 1.17047600e-07  6.10000000e-01  6.00481193e-01 
 1.18147600e-07  6.10000000e-01  6.00525527e-01 
 1.19247600e-07  6.10000000e-01  6.00571250e-01 
 1.20347600e-07  6.10000000e-01  6.00618389e-01 
 1.21447600e-07  6.10000000e-01  6.00666728e-01 
 1.22547600e-07  6.10000000e-01  6.00716303e-01 
 1.23647600e-07  6.10000000e-01  6.00766906e-01 
 1.24747600e-07  6.10000000e-01  6.00818579e-01 
 1.25847600e-07  6.10000000e-01  6.00871122e-01 
 1.26947600e-07  6.10000000e-01  6.00924587e-01 
 1.28047600e-07  6.10000000e-01  6.00978780e-01 
 1.29147600e-07  6.10000000e-01  6.01033758e-01 
 1.30247600e-07  6.10000000e-01  6.01089336e-01 
 1.31347600e-07  6.10000000e-01  6.01145578e-01 
 1.32447600e-07  6.10000000e-01  6.01202303e-01 
 1.33547600e-07  6.10000000e-01  6.01259581e-01 
 1.34647600e-07  6.10000000e-01  6.01317239e-01 
 1.35747600e-07  6.10000000e-01  6.01375350e-01 
 1.36847600e-07  6.10000000e-01  6.01433747e-01 
 1.37947600e-07  6.10000000e-01  6.01492509e-01 
 1.39047600e-07  6.10000000e-01  6.01551471e-01 
 1.40147600e-07  6.10000000e-01  6.01610719e-01 
 1.41247600e-07  6.10000000e-01  6.01670092e-01 
 1.42347600e-07  6.10000000e-01  6.01729678e-01 
 1.43447600e-07  6.10000000e-01  6.01789321e-01 
 1.44547600e-07  6.10000000e-01  6.01849113e-01 
 1.45647600e-07  6.10000000e-01  6.01908902e-01 
 1.46747600e-07  6.10000000e-01  6.01968783e-01 
 1.47847600e-07  6.10000000e-01  6.02028607e-01 
 1.48947600e-07  6.10000000e-01  6.02088471e-01 
 1.50047600e-07  6.10000000e-01  6.02148228e-01 
 1.51147600e-07  6.10000000e-01  6.02207981e-01 
 1.52247600e-07  6.10000000e-01  6.02267585e-01 
 1.53347600e-07  6.10000000e-01  6.02327143e-01 
 1.54447600e-07  6.10000000e-01  6.02386513e-01 
 1.55547600e-07  6.10000000e-01  6.02445802e-01 
 1.56647600e-07  6.10000000e-01  6.02504869e-01 
 1.57747600e-07  6.10000000e-01  6.02563822e-01 
 1.58847600e-07  6.10000000e-01  6.02622524e-01 
 1.59947600e-07  6.10000000e-01  6.02681084e-01 
 1.61047600e-07  6.10000000e-01  6.02739365e-01 
 1.62147600e-07  6.10000000e-01  6.02797480e-01 
 1.63247600e-07  6.10000000e-01  6.02855293e-01 
 1.64347600e-07  6.10000000e-01  6.02912917e-01 
 1.65447600e-07  6.10000000e-01  6.02970219e-01 
 1.66547600e-07  6.10000000e-01  6.03027313e-01 
 1.67647600e-07  6.10000000e-01  6.03084067e-01 
 1.68747600e-07  6.10000000e-01  6.03140597e-01 
 1.69847600e-07  6.10000000e-01  6.03196771e-01 
 1.70947600e-07  6.10000000e-01  6.03252705e-01 
 1.72047600e-07  6.10000000e-01  6.03308271e-01 
 1.73147600e-07  6.10000000e-01  6.03363586e-01 
 1.74247600e-07  6.10000000e-01  6.03418520e-01 
 1.75347600e-07  6.10000000e-01  6.03473191e-01 
 1.76447600e-07  6.10000000e-01  6.03527473e-01 
 1.77547600e-07  6.10000000e-01  6.03581483e-01 
 1.78647600e-07  6.10000000e-01  6.03635096e-01 
 1.79747600e-07  6.10000000e-01  6.03688429e-01 
 1.80847600e-07  6.10000000e-01  6.03741357e-01 
 1.81947600e-07  6.10000000e-01  6.03794001e-01 
 1.83047600e-07  6.10000000e-01  6.03846234e-01 
 1.84147600e-07  6.10000000e-01  6.03898177e-01 
 1.85247600e-07  6.10000000e-01  6.03949705e-01 
 1.86347600e-07  6.10000000e-01  6.04000940e-01 
 1.87447600e-07  6.10000000e-01  6.04051756e-01 
 1.88547600e-07  6.10000000e-01  6.04102276e-01 
 1.89647600e-07  6.10000000e-01  6.04152375e-01 
 1.90747600e-07  6.10000000e-01  6.04202176e-01 
 1.91847600e-07  6.10000000e-01  6.04251554e-01 
 1.92947600e-07  6.10000000e-01  6.04300633e-01 
 1.94047600e-07  6.10000000e-01  6.04349288e-01 
 1.95147600e-07  6.10000000e-01  6.04397643e-01 
 1.96247600e-07  6.10000000e-01  6.04445575e-01 
 1.97347600e-07  6.10000000e-01  6.04493207e-01 
 1.98447600e-07  6.10000000e-01  6.04540415e-01 
 1.99547600e-07  6.10000000e-01  6.04587325e-01 
 2.00647600e-07  6.10000000e-01  6.04633812e-01 
 2.01747600e-07  6.10000000e-01  6.04680001e-01 
 2.02847600e-07  6.10000000e-01  6.04725769e-01 
 2.03947600e-07  6.10000000e-01  6.04771241e-01 
 2.05047600e-07  6.10000000e-01  6.04816294e-01 
 2.06147600e-07  6.10000000e-01  6.04861053e-01 
 2.07247600e-07  6.10000000e-01  6.04905395e-01 
 2.08347600e-07  6.10000000e-01  6.04949445e-01 
 2.09447600e-07  6.10000000e-01  6.04993081e-01 
 2.10547600e-07  6.10000000e-01  6.05036427e-01 
 2.11647600e-07  6.10000000e-01  6.05079363e-01 
 2.12747600e-07  6.10000000e-01  6.05122012e-01 
 2.13847600e-07  6.10000000e-01  6.05164252e-01 
 2.14947600e-07  6.10000000e-01  6.05206210e-01 
 2.16047600e-07  6.10000000e-01  6.05247763e-01 
 2.17147600e-07  6.10000000e-01  6.05289036e-01 
 2.18247600e-07  6.10000000e-01  6.05329907e-01 
 2.19347600e-07  6.10000000e-01  6.05370503e-01 
 2.20447600e-07  6.10000000e-01  6.05410701e-01 
 2.21547600e-07  6.10000000e-01  6.05450626e-01 
 2.22647600e-07  6.10000000e-01  6.05490158e-01 
 2.23747600e-07  6.10000000e-01  6.05529421e-01 
 2.24847600e-07  6.10000000e-01  6.05568295e-01 
 2.25947600e-07  6.10000000e-01  6.05606903e-01 
 2.27047600e-07  6.10000000e-01  6.05645126e-01 
 2.28147600e-07  6.10000000e-01  6.05683089e-01 
 2.29247600e-07  6.10000000e-01  6.05720670e-01 
 2.30347600e-07  6.10000000e-01  6.05757995e-01 
 2.31447600e-07  6.10000000e-01  6.05794942e-01 
 2.32547600e-07  6.10000000e-01  6.05831638e-01 
 2.33647600e-07  6.10000000e-01  6.05867960e-01 
 2.34747600e-07  6.10000000e-01  6.05904034e-01 
 2.35847600e-07  6.10000000e-01  6.05939740e-01 
 2.36947600e-07  6.10000000e-01  6.05975202e-01 
 2.38047600e-07  6.10000000e-01  6.06010300e-01 
 2.39147600e-07  6.10000000e-01  6.06045159e-01 
 2.40247600e-07  6.10000000e-01  6.06079657e-01 
 2.41347600e-07  6.10000000e-01  6.06113921e-01 
 2.42447600e-07  6.10000000e-01  6.06147830e-01 
 2.43547600e-07  6.10000000e-01  6.06181508e-01 
 2.44647600e-07  6.10000000e-01  6.06214834e-01 
 2.45747600e-07  6.10000000e-01  6.06247935e-01 
 2.46847600e-07  6.10000000e-01  6.06280689e-01 
 2.47947600e-07  6.10000000e-01  6.06313221e-01 
 2.49047600e-07  6.10000000e-01  6.06345411e-01 
 2.50147600e-07  6.10000000e-01  6.06377383e-01 
 2.51247600e-07  6.10000000e-01  6.06409018e-01 
 2.52347600e-07  6.10000000e-01  6.06440439e-01 
 2.53447600e-07  6.10000000e-01  6.06471526e-01 
 2.54547600e-07  6.10000000e-01  6.06502405e-01 
 2.55647600e-07  6.10000000e-01  6.06532955e-01 
 2.56747600e-07  6.10000000e-01  6.06563300e-01 
 2.57847600e-07  6.10000000e-01  6.06593320e-01 
 2.58947600e-07  6.10000000e-01  6.06623139e-01 
 2.60047600e-07  6.10000000e-01  6.06652638e-01 
 2.61147600e-07  6.10000000e-01  6.06681941e-01 
 2.62247600e-07  6.10000000e-01  6.06710927e-01 
 2.63347600e-07  6.10000000e-01  6.06739722e-01 
 2.64447600e-07  6.10000000e-01  6.06768204e-01 
 2.65547600e-07  6.10000000e-01  6.06796498e-01 
 2.66647600e-07  6.10000000e-01  6.06824484e-01 
 2.67747600e-07  6.10000000e-01  6.06852286e-01 
 2.68847600e-07  6.10000000e-01  6.06879784e-01 
 2.69947600e-07  6.10000000e-01  6.06907103e-01 
 2.71047600e-07  6.10000000e-01  6.06934121e-01 
 2.72147600e-07  6.10000000e-01  6.06960964e-01 
 2.73247600e-07  6.10000000e-01  6.06987511e-01 
 2.74347600e-07  6.10000000e-01  6.07013886e-01 
 2.75447600e-07  6.10000000e-01  6.07039968e-01 
 2.76547600e-07  6.10000000e-01  6.07065884e-01 
 2.77647600e-07  6.10000000e-01  6.07091510e-01 
 2.78747600e-07  6.10000000e-01  6.07116973e-01 
 2.79847600e-07  6.10000000e-01  6.07142151e-01 
 2.80947600e-07  6.10000000e-01  6.07167169e-01 
 2.82047600e-07  6.10000000e-01  6.07191907e-01 
 2.83147600e-07  6.10000000e-01  6.07216488e-01 
 2.84247600e-07  6.10000000e-01  6.07240792e-01 
 2.85347600e-07  6.10000000e-01  6.07264943e-01 
 2.86447600e-07  6.10000000e-01  6.07288822e-01 
 2.87547600e-07  6.10000000e-01  6.07312551e-01 
 2.88647600e-07  6.10000000e-01  6.07336010e-01 
 2.89747600e-07  6.10000000e-01  6.07359324e-01 
 2.90847600e-07  6.10000000e-01  6.07382372e-01 
 2.91947600e-07  6.10000000e-01  6.07405279e-01 
 2.93047600e-07  6.10000000e-01  6.07427922e-01 
 2.94147600e-07  6.10000000e-01  6.07450427e-01 
 2.95247600e-07  6.10000000e-01  6.07472673e-01 
 2.96347600e-07  6.10000000e-01  6.07494784e-01 
 2.97447600e-07  6.10000000e-01  6.07516640e-01 
 2.98547600e-07  6.10000000e-01  6.07538364e-01 
 2.99647600e-07  6.10000000e-01  6.07559835e-01 
 3.00747600e-07  6.10000000e-01  6.07581178e-01 
 3.01847600e-07  6.10000000e-01  6.07602273e-01 
 3.02947600e-07  6.10000000e-01  6.07623242e-01 
 3.04047600e-07  6.10000000e-01  6.07643965e-01 
 3.05147600e-07  6.10000000e-01  6.07664567e-01 
 3.06247600e-07  6.10000000e-01  6.07684926e-01 
 3.07347600e-07  6.10000000e-01  6.07705167e-01 
 3.08447600e-07  6.10000000e-01  6.07725168e-01 
 3.09547600e-07  6.10000000e-01  6.07745054e-01 
 3.10647600e-07  6.10000000e-01  6.07764703e-01 
 3.11747600e-07  6.10000000e-01  6.07784240e-01 
 3.12847600e-07  6.10000000e-01  6.07803544e-01 
 3.13947600e-07  6.10000000e-01  6.07822738e-01 
 3.15047600e-07  6.10000000e-01  6.07841702e-01 
 3.16147600e-07  6.10000000e-01  6.07860560e-01 
 3.17247600e-07  6.10000000e-01  6.07879191e-01 
 3.18347600e-07  6.10000000e-01  6.07897718e-01 
 3.19447600e-07  6.10000000e-01  6.07916020e-01 
 3.20547600e-07  6.10000000e-01  6.07934222e-01 
 3.21647600e-07  6.10000000e-01  6.07952202e-01 
 3.22747600e-07  6.10000000e-01  6.07970085e-01 
 3.23847600e-07  6.10000000e-01  6.07987749e-01 
 3.24947600e-07  6.10000000e-01  6.08005318e-01 
 3.26047600e-07  6.10000000e-01  6.08022670e-01 
 3.27147600e-07  6.10000000e-01  6.08039931e-01 
 3.28247600e-07  6.10000000e-01  6.08056978e-01 
 3.29347600e-07  6.10000000e-01  6.08073936e-01 
 3.30447600e-07  6.10000000e-01  6.08090683e-01 
 3.31547600e-07  6.10000000e-01  6.08107343e-01 
 3.32647600e-07  6.10000000e-01  6.08123795e-01 
 3.33747600e-07  6.10000000e-01  6.08140163e-01 
 3.34847600e-07  6.10000000e-01  6.08156325e-01 
 3.35947600e-07  6.10000000e-01  6.08172406e-01 
 3.37047600e-07  6.10000000e-01  6.08188283e-01 
 3.38147600e-07  6.10000000e-01  6.08204082e-01 
 3.39247600e-07  6.10000000e-01  6.08219680e-01 
 3.40347600e-07  6.10000000e-01  6.08235201e-01 
 3.41447600e-07  6.10000000e-01  6.08250524e-01 
 3.42547600e-07  6.10000000e-01  6.08265772e-01 
 3.43647600e-07  6.10000000e-01  6.08280826e-01 
 3.44747600e-07  6.10000000e-01  6.08295807e-01 
 3.45847600e-07  6.10000000e-01  6.08310594e-01 
 3.46947600e-07  6.10000000e-01  6.08325313e-01 
 3.48047600e-07  6.10000000e-01  6.08339840e-01 
 3.49147600e-07  6.10000000e-01  6.08354300e-01 
 3.50247600e-07  6.10000000e-01  6.08368571e-01 
 3.51347600e-07  6.10000000e-01  6.08382777e-01 
 3.52447600e-07  6.10000000e-01  6.08396797e-01 
 3.53547600e-07  6.10000000e-01  6.08410754e-01 
 3.54647600e-07  6.10000000e-01  6.08424526e-01 
 3.55747600e-07  6.10000000e-01  6.08438238e-01 
 3.56847600e-07  6.10000000e-01  6.08451768e-01 
 3.57947600e-07  6.10000000e-01  6.08465239e-01 
 3.59047600e-07  6.10000000e-01  6.08478531e-01 
 3.60147600e-07  6.10000000e-01  6.08491766e-01 
 3.61247600e-07  6.10000000e-01  6.08504823e-01 
 3.62347600e-07  6.10000000e-01  6.08517826e-01 
 3.63447600e-07  6.10000000e-01  6.08530653e-01 
 3.64547600e-07  6.10000000e-01  6.08543427e-01 
 3.65647600e-07  6.10000000e-01  6.08556028e-01 
 3.66747600e-07  6.10000000e-01  6.08568578e-01 
 3.67847600e-07  6.10000000e-01  6.08580957e-01 
 3.68947600e-07  6.10000000e-01  6.08593287e-01 
 3.70047600e-07  6.10000000e-01  6.08605448e-01 
 3.71147600e-07  6.10000000e-01  6.08617561e-01 
 3.72247600e-07  6.10000000e-01  6.08629508e-01 
 3.73347600e-07  6.10000000e-01  6.08641409e-01 
 3.74447600e-07  6.10000000e-01  6.08653144e-01 
 3.75547600e-07  6.10000000e-01  6.08664837e-01 
 3.76647600e-07  6.10000000e-01  6.08676365e-01 
 3.77747600e-07  6.10000000e-01  6.08687853e-01 
 3.78847600e-07  6.10000000e-01  6.08699178e-01 
 3.79947600e-07  6.10000000e-01  6.08710464e-01 
 3.81047600e-07  6.10000000e-01  6.08721590e-01 
 3.82147600e-07  6.10000000e-01  6.08732677e-01 
 3.83247600e-07  6.10000000e-01  6.08743607e-01 
 3.84347600e-07  6.10000000e-01  6.08754500e-01 
 3.85447600e-07  6.10000000e-01  6.08765237e-01 
 3.86547600e-07  6.10000000e-01  6.08775939e-01 
 3.87647600e-07  6.10000000e-01  6.08786487e-01 
 3.88747600e-07  6.10000000e-01  6.08797002e-01 
 3.89847600e-07  6.10000000e-01  6.08807363e-01 
 3.90947600e-07  6.10000000e-01  6.08817693e-01 
 3.92047600e-07  6.10000000e-01  6.08827872e-01 
 3.93147600e-07  6.10000000e-01  6.08838021e-01 
 3.94247600e-07  6.10000000e-01  6.08848020e-01 
 3.95347600e-07  6.10000000e-01  6.08857991e-01 
 3.96447600e-07  6.10000000e-01  6.08867814e-01 
 3.97547600e-07  6.10000000e-01  6.08877610e-01 
 3.98647600e-07  6.10000000e-01  6.08887260e-01 
 3.99747600e-07  6.10000000e-01  6.08896885e-01 
 4.00847600e-07  6.10000000e-01  6.08906364e-01 
 4.01947600e-07  6.10000000e-01  6.08915820e-01 
 4.03047600e-07  6.10000000e-01  6.08925132e-01 
 4.04147600e-07  6.10000000e-01  6.08934422e-01 
 4.05247600e-07  6.10000000e-01  6.08943570e-01 
 4.06347600e-07  6.10000000e-01  6.08952697e-01 
 4.07447600e-07  6.10000000e-01  6.08961684e-01 
 4.08547600e-07  6.10000000e-01  6.08970651e-01 
 4.09647600e-07  6.10000000e-01  6.08979479e-01 
 4.10747600e-07  6.10000000e-01  6.08988289e-01 
 4.11847600e-07  6.10000000e-01  6.08996961e-01 
 4.12947600e-07  6.10000000e-01  6.09005617e-01 
 4.14047600e-07  6.10000000e-01  6.09014136e-01 
 4.15147600e-07  6.10000000e-01  6.09022640e-01 
 4.16247600e-07  6.10000000e-01  6.09031009e-01 
 4.17347600e-07  6.10000000e-01  6.09039364e-01 
 4.18447600e-07  6.10000000e-01  6.09047585e-01 
 4.19547600e-07  6.10000000e-01  6.09055794e-01 
 4.20647600e-07  6.10000000e-01  6.09063870e-01 
 4.21747600e-07  6.10000000e-01  6.09071935e-01 
 4.22847600e-07  6.10000000e-01  6.09079869e-01 
 4.23947600e-07  6.10000000e-01  6.09087792e-01 
 4.25047600e-07  6.10000000e-01  6.09095586e-01 
 4.26147600e-07  6.10000000e-01  6.09103371e-01 
 4.27247600e-07  6.10000000e-01  6.09111027e-01 
 4.28347600e-07  6.10000000e-01  6.09118676e-01 
 4.29447600e-07  6.10000000e-01  6.09126196e-01 
 4.30547600e-07  6.10000000e-01  6.09133711e-01 
 4.31647600e-07  6.10000000e-01  6.09141099e-01 
 4.32747600e-07  6.10000000e-01  6.09148482e-01 
 4.33847600e-07  6.10000000e-01  6.09155740e-01 
 4.34947600e-07  6.10000000e-01  6.09162994e-01 
 4.36047600e-07  6.10000000e-01  6.09170123e-01 
 4.37147600e-07  6.10000000e-01  6.09177250e-01 
 4.38247600e-07  6.10000000e-01  6.09184254e-01 
 4.39347600e-07  6.10000000e-01  6.09191256e-01 
 4.40447600e-07  6.10000000e-01  6.09198136e-01 
 4.41547600e-07  6.10000000e-01  6.09205015e-01 
 4.42647600e-07  6.10000000e-01  6.09211774e-01 
 4.43747600e-07  6.10000000e-01  6.09218533e-01 
 4.44847600e-07  6.10000000e-01  6.09225172e-01 
 4.45947600e-07  6.10000000e-01  6.09231813e-01 
 4.47047600e-07  6.10000000e-01  6.09238335e-01 
 4.48147600e-07  6.10000000e-01  6.09244860e-01 
 4.49247600e-07  6.10000000e-01  6.09251266e-01 
 4.50347600e-07  6.10000000e-01  6.09257677e-01 
 4.51447600e-07  6.10000000e-01  6.09263971e-01 
 4.52547600e-07  6.10000000e-01  6.09270269e-01 
 4.53647600e-07  6.10000000e-01  6.09276451e-01 
 4.54747600e-07  6.10000000e-01  6.09282640e-01 
 4.55847600e-07  6.10000000e-01  6.09288713e-01 
 4.56947600e-07  6.10000000e-01  6.09294793e-01 
 4.58047600e-07  6.10000000e-01  6.09300759e-01 
 4.59147600e-07  6.10000000e-01  6.09306732e-01 
 4.60247600e-07  6.10000000e-01  6.09312593e-01 
 4.61347600e-07  6.10000000e-01  6.09318462e-01 
 4.62447600e-07  6.10000000e-01  6.09324219e-01 
 4.63547600e-07  6.10000000e-01  6.09329985e-01 
 4.64647600e-07  6.10000000e-01  6.09335641e-01 
 4.65747600e-07  6.10000000e-01  6.09341306e-01 
 4.66847600e-07  6.10000000e-01  6.09346862e-01 
 4.67947600e-07  6.10000000e-01  6.09352428e-01 
 4.69047600e-07  6.10000000e-01  6.09357886e-01 
 4.70147600e-07  6.10000000e-01  6.09363355e-01 
 4.71247600e-07  6.10000000e-01  6.09368716e-01 
 4.72347600e-07  6.10000000e-01  6.09374090e-01 
 4.73447600e-07  6.10000000e-01  6.09379356e-01 
 4.74547600e-07  6.10000000e-01  6.09384635e-01 
 4.75647600e-07  6.10000000e-01  6.09389808e-01 
 4.76747600e-07  6.10000000e-01  6.09394996e-01 
 4.77847600e-07  6.10000000e-01  6.09400077e-01 
 4.78947600e-07  6.10000000e-01  6.09405174e-01 
 4.80047600e-07  6.10000000e-01  6.09410166e-01 
 4.81147600e-07  6.10000000e-01  6.09415174e-01 
 4.82247600e-07  6.10000000e-01  6.09420077e-01 
 4.83347600e-07  6.10000000e-01  6.09424998e-01 
 4.84447600e-07  6.10000000e-01  6.09429814e-01 
 4.85547600e-07  6.10000000e-01  6.09434649e-01 
 4.86647600e-07  6.10000000e-01  6.09439380e-01 
 4.87747600e-07  6.10000000e-01  6.09444130e-01 
 4.88847600e-07  6.10000000e-01  6.09448778e-01 
 4.89947600e-07  6.10000000e-01  6.09453445e-01 
 4.91047600e-07  6.10000000e-01  6.09458011e-01 
 4.92147600e-07  6.10000000e-01  6.09462596e-01 
 4.93247600e-07  6.10000000e-01  6.09467081e-01 
 4.94347600e-07  6.10000000e-01  6.09471587e-01 
 4.95447600e-07  6.10000000e-01  6.09475993e-01 
 4.96547600e-07  6.10000000e-01  6.09480419e-01 
 4.97647600e-07  6.10000000e-01  6.09484747e-01 
 4.98747600e-07  6.10000000e-01  6.09489096e-01 
 4.99847600e-07  6.10000000e-01  6.09493348e-01 
 5.00947600e-07  6.10000000e-01  6.09497621e-01 
 5.02047600e-07  6.10000000e-01  6.09501797e-01 
 5.03147600e-07  6.10000000e-01  6.09505996e-01 
 5.04247600e-07  6.10000000e-01  6.09510098e-01 
 5.05347600e-07  6.10000000e-01  6.09514224e-01 
 5.06447600e-07  6.10000000e-01  6.09518253e-01 
 5.07547600e-07  6.10000000e-01  6.09522307e-01 
 5.08647600e-07  6.10000000e-01  6.09526265e-01 
 5.09747600e-07  6.10000000e-01  6.09530248e-01 
 5.10847600e-07  6.10000000e-01  6.09534136e-01 
 5.11947600e-07  6.10000000e-01  6.09538050e-01 
 5.13047600e-07  6.10000000e-01  6.09541869e-01 
 5.14147600e-07  6.10000000e-01  6.09545715e-01 
 5.15247600e-07  6.10000000e-01  6.09549466e-01 
 5.16347600e-07  6.10000000e-01  6.09553244e-01 
 5.17447600e-07  6.10000000e-01  6.09556930e-01 
 5.18547600e-07  6.10000000e-01  6.09560642e-01 
 5.19647600e-07  6.10000000e-01  6.09564262e-01 
 5.20747600e-07  6.10000000e-01  6.09567910e-01 
 5.21847600e-07  6.10000000e-01  6.09571465e-01 
 5.22947600e-07  6.10000000e-01  6.09575049e-01 
 5.24047600e-07  6.10000000e-01  6.09578542e-01 
 5.25147600e-07  6.10000000e-01  6.09582064e-01 
 5.26247600e-07  6.10000000e-01  6.09585495e-01 
 5.27347600e-07  6.10000000e-01  6.09588955e-01 
 5.28447600e-07  6.10000000e-01  6.09592325e-01 
 5.29547600e-07  6.10000000e-01  6.09595725e-01 
 5.30647600e-07  6.10000000e-01  6.09599036e-01 
 5.31747600e-07  6.10000000e-01  6.09602376e-01 
 5.32847600e-07  6.10000000e-01  6.09605628e-01 
 5.33947600e-07  6.10000000e-01  6.09608911e-01 
 5.35047600e-07  6.10000000e-01  6.09612105e-01 
 5.36147600e-07  6.10000000e-01  6.09615330e-01 
 5.37247600e-07  6.10000000e-01  6.09618468e-01 
 5.38347600e-07  6.10000000e-01  6.09621637e-01 
 5.39447600e-07  6.10000000e-01  6.09624719e-01 
 5.40547600e-07  6.10000000e-01  6.09627833e-01 
 5.41647600e-07  6.10000000e-01  6.09630860e-01 
 5.42747600e-07  6.10000000e-01  6.09633920e-01 
 5.43847600e-07  6.10000000e-01  6.09636893e-01 
 5.44947600e-07  6.10000000e-01  6.09639900e-01 
 5.46047600e-07  6.10000000e-01  6.09642821e-01 
 5.47147600e-07  6.10000000e-01  6.09645775e-01 
 5.48247600e-07  6.10000000e-01  6.09648644e-01 
 5.49347600e-07  6.10000000e-01  6.09651547e-01 
 5.50447600e-07  6.10000000e-01  6.09654365e-01 
 5.51547600e-07  6.10000000e-01  6.09657218e-01 
 5.52647600e-07  6.10000000e-01  6.09659986e-01 
 5.53747600e-07  6.10000000e-01  6.09662789e-01 
 5.54847600e-07  6.10000000e-01  6.09665507e-01 
 5.55947600e-07  6.10000000e-01  6.09668262e-01 
 5.57047600e-07  6.10000000e-01  6.09670932e-01 
 5.58147600e-07  6.10000000e-01  6.09673638e-01 
 5.59247600e-07  6.10000000e-01  6.09676261e-01 
 5.60347600e-07  6.10000000e-01  6.09678921e-01 
 5.61447600e-07  6.10000000e-01  6.09681497e-01 
 5.62547600e-07  6.10000000e-01  6.09684110e-01 
 5.63647600e-07  6.10000000e-01  6.09686641e-01 
 5.64747600e-07  6.10000000e-01  6.09689209e-01 
 5.65847600e-07  6.10000000e-01  6.09691694e-01 
 5.66947600e-07  6.10000000e-01  6.09694218e-01 
 5.68047600e-07  6.10000000e-01  6.09696659e-01 
 5.69147600e-07  6.10000000e-01  6.09699139e-01 
 5.70247600e-07  6.10000000e-01  6.09701537e-01 
 5.71347600e-07  6.10000000e-01  6.09703973e-01 
 5.72447600e-07  6.10000000e-01  6.09706328e-01 
 5.73547600e-07  6.10000000e-01  6.09708723e-01 
 5.74647600e-07  6.10000000e-01  6.09711036e-01 
 5.75747600e-07  6.10000000e-01  6.09713389e-01 
 5.76847600e-07  6.10000000e-01  6.09715661e-01 
 5.77947600e-07  6.10000000e-01  6.09717973e-01 
 5.79047600e-07  6.10000000e-01  6.09720205e-01 
 5.80147600e-07  6.10000000e-01  6.09722476e-01 
 5.81247600e-07  6.10000000e-01  6.09724668e-01 
 5.82347600e-07  6.10000000e-01  6.09726901e-01 
 5.83447600e-07  6.10000000e-01  6.09729054e-01 
 5.84547600e-07  6.10000000e-01  6.09731248e-01 
 5.85647600e-07  6.10000000e-01  6.09733362e-01 
 5.86747600e-07  6.10000000e-01  6.09735518e-01 
 5.87847600e-07  6.10000000e-01  6.09737595e-01 
 5.88947600e-07  6.10000000e-01  6.09739713e-01 
 5.90047600e-07  6.10000000e-01  6.09741754e-01 
 5.91147600e-07  6.10000000e-01  6.09743835e-01 
 5.92247600e-07  6.10000000e-01  6.09745839e-01 
 5.93347600e-07  6.10000000e-01  6.09747884e-01 
 5.94447600e-07  6.10000000e-01  6.09749852e-01 
 5.95547600e-07  6.10000000e-01  6.09751863e-01 
 5.96647600e-07  6.10000000e-01  6.09753796e-01 
 5.97747600e-07  6.10000000e-01  6.09755771e-01 
 5.98847600e-07  6.10000000e-01  6.09757669e-01 
 5.99947600e-07  6.10000000e-01  6.09759611e-01 
 6.01047600e-07  6.10000000e-01  6.09761475e-01 
 6.02147600e-07  6.10000000e-01  6.09763383e-01 
 6.03247600e-07  6.10000000e-01  6.09765214e-01 
 6.04347600e-07  6.10000000e-01  6.09767089e-01 
 6.05447600e-07  6.10000000e-01  6.09768887e-01 
 6.06547600e-07  6.10000000e-01  6.09770730e-01 
 6.07647600e-07  6.10000000e-01  6.09772496e-01 
 6.08747600e-07  6.10000000e-01  6.09774306e-01 
 6.09847600e-07  6.10000000e-01  6.09776042e-01 
 6.10947600e-07  6.10000000e-01  6.09777821e-01 
 6.12047600e-07  6.10000000e-01  6.09779525e-01 
 6.13147600e-07  6.10000000e-01  6.09781273e-01 
 6.14247600e-07  6.10000000e-01  6.09782947e-01 
 6.15347600e-07  6.10000000e-01  6.09784665e-01 
 6.16447600e-07  6.10000000e-01  6.09786308e-01 
 6.17547600e-07  6.10000000e-01  6.09787997e-01 
 6.18647600e-07  6.10000000e-01  6.09789611e-01 
 6.19747600e-07  6.10000000e-01  6.09791270e-01 
 6.20847600e-07  6.10000000e-01  6.09792856e-01 
 6.21947600e-07  6.10000000e-01  6.09794487e-01 
 6.23047600e-07  6.10000000e-01  6.09796044e-01 
 6.24147600e-07  6.10000000e-01  6.09797646e-01 
 6.25247600e-07  6.10000000e-01  6.09799175e-01 
 6.26347600e-07  6.10000000e-01  6.09800750e-01 
 6.27447600e-07  6.10000000e-01  6.09802252e-01 
 6.28547600e-07  6.10000000e-01  6.09803800e-01 
 6.29647600e-07  6.10000000e-01  6.09805275e-01 
 6.30747600e-07  6.10000000e-01  6.09806796e-01 
 6.31847600e-07  6.10000000e-01  6.09808245e-01 
 6.32947600e-07  6.10000000e-01  6.09809739e-01 
 6.34047600e-07  6.10000000e-01  6.09811162e-01 
 6.35147600e-07  6.10000000e-01  6.09812631e-01 
 6.36247600e-07  6.10000000e-01  6.09814028e-01 
 6.37347600e-07  6.10000000e-01  6.09815472e-01 
 6.38447600e-07  6.10000000e-01  6.09816844e-01 
 6.39547600e-07  6.10000000e-01  6.09818263e-01 
 6.40647600e-07  6.10000000e-01  6.09819611e-01 
 6.41747600e-07  6.10000000e-01  6.09821005e-01 
 6.42847600e-07  6.10000000e-01  6.09822329e-01 
 6.43947600e-07  6.10000000e-01  6.09823699e-01 
 6.45047600e-07  6.10000000e-01  6.09824999e-01 
 6.46147600e-07  6.10000000e-01  6.09826346e-01 
 6.47247600e-07  6.10000000e-01  6.09827622e-01 
 6.48347600e-07  6.10000000e-01  6.09828946e-01 
 6.49447600e-07  6.10000000e-01  6.09830199e-01 
 6.50547600e-07  6.10000000e-01  6.09831500e-01 
 6.51647600e-07  6.10000000e-01  6.09832731e-01 
 6.52747600e-07  6.10000000e-01  6.09834010e-01 
 6.53847600e-07  6.10000000e-01  6.09835218e-01 
 6.54947600e-07  6.10000000e-01  6.09836475e-01 
 6.56047600e-07  6.10000000e-01  6.09837662e-01 
 6.57147600e-07  6.10000000e-01  6.09838898e-01 
 6.58247600e-07  6.10000000e-01  6.09840063e-01 
 6.59347600e-07  6.10000000e-01  6.09841277e-01 
 6.60447600e-07  6.10000000e-01  6.09842422e-01 
 6.61547600e-07  6.10000000e-01  6.09843615e-01 
 6.62647600e-07  6.10000000e-01  6.09844739e-01 
 6.63747600e-07  6.10000000e-01  6.09845912e-01 
 6.64847600e-07  6.10000000e-01  6.09847015e-01 
 6.65947600e-07  6.10000000e-01  6.09848168e-01 
 6.67047600e-07  6.10000000e-01  6.09849252e-01 
 6.68147600e-07  6.10000000e-01  6.09850385e-01 
 6.69247600e-07  6.10000000e-01  6.09851449e-01 
 6.70347600e-07  6.10000000e-01  6.09852563e-01 
 6.71447600e-07  6.10000000e-01  6.09853608e-01 
 6.72547600e-07  6.10000000e-01  6.09854703e-01 
 6.73647600e-07  6.10000000e-01  6.09855729e-01 
 6.74747600e-07  6.10000000e-01  6.09856805e-01 
 6.75847600e-07  6.10000000e-01  6.09857812e-01 
 6.76947600e-07  6.10000000e-01  6.09858870e-01 
 6.78047600e-07  6.10000000e-01  6.09859859e-01 
 6.79147600e-07  6.10000000e-01  6.09860899e-01 
 6.80247600e-07  6.10000000e-01  6.09861870e-01 
 6.81347600e-07  6.10000000e-01  6.09862892e-01 
 6.82447600e-07  6.10000000e-01  6.09863846e-01 
 6.83547600e-07  6.10000000e-01  6.09864850e-01 
 6.84647600e-07  6.10000000e-01  6.09865787e-01 
 6.85747600e-07  6.10000000e-01  6.09866774e-01 
 6.86847600e-07  6.10000000e-01  6.09867694e-01 
 6.87947600e-07  6.10000000e-01  6.09868664e-01 
 6.89047600e-07  6.10000000e-01  6.09869567e-01 
 6.90147600e-07  6.10000000e-01  6.09870521e-01 
 6.91247600e-07  6.10000000e-01  6.09871408e-01 
 6.92347600e-07  6.10000000e-01  6.09872346e-01 
 6.93447600e-07  6.10000000e-01  6.09873216e-01 
 6.94547600e-07  6.10000000e-01  6.09874138e-01 
 6.95647600e-07  6.10000000e-01  6.09874993e-01 
 6.96747600e-07  6.10000000e-01  6.09875899e-01 
 6.97847600e-07  6.10000000e-01  6.09876738e-01 
 6.98947600e-07  6.10000000e-01  6.09877628e-01 
 7.00047600e-07  6.10000000e-01  6.09878452e-01 
 7.01147600e-07  6.10000000e-01  6.09879328e-01 
 7.02247600e-07  6.10000000e-01  6.09880137e-01 
 7.03347600e-07  6.10000000e-01  6.09880997e-01 
 7.04447600e-07  6.10000000e-01  6.09881792e-01 
 7.05547600e-07  6.10000000e-01  6.09882638e-01 
 7.06647600e-07  6.10000000e-01  6.09883418e-01 
 7.07747600e-07  6.10000000e-01  6.09884249e-01 
 7.08847600e-07  6.10000000e-01  6.09885015e-01 
 7.09947600e-07  6.10000000e-01  6.09885833e-01 
 7.11047600e-07  6.10000000e-01  6.09886584e-01 
 7.12147600e-07  6.10000000e-01  6.09887388e-01 
 7.13247600e-07  6.10000000e-01  6.09888126e-01 
 7.14347600e-07  6.10000000e-01  6.09888916e-01 
 7.15447600e-07  6.10000000e-01  6.09889640e-01 
 7.16547600e-07  6.10000000e-01  6.09890417e-01 
 7.17647600e-07  6.10000000e-01  6.09891129e-01 
 7.18747600e-07  6.10000000e-01  6.09891892e-01 
 7.19847600e-07  6.10000000e-01  6.09892590e-01 
 7.20947600e-07  6.10000000e-01  6.09893341e-01 
 7.22047600e-07  6.10000000e-01  6.09894027e-01 
 7.23147600e-07  6.10000000e-01  6.09894765e-01 
 7.24247600e-07  6.10000000e-01  6.09895438e-01 
 7.25347600e-07  6.10000000e-01  6.09896163e-01 
 7.26447600e-07  6.10000000e-01  6.09896824e-01 
 7.27547600e-07  6.10000000e-01  6.09897537e-01 
 7.28647600e-07  6.10000000e-01  6.09898186e-01 
 7.29747600e-07  6.10000000e-01  6.09898887e-01 
 7.30847600e-07  6.10000000e-01  6.09899524e-01 
 7.31947600e-07  6.10000000e-01  6.09900213e-01 
 7.33047600e-07  6.10000000e-01  6.09900838e-01 
 7.34147600e-07  6.10000000e-01  6.09901516e-01 
 7.35247600e-07  6.10000000e-01  6.09902129e-01 
 7.36347600e-07  6.10000000e-01  6.09902796e-01 
 7.37447600e-07  6.10000000e-01  6.09903398e-01 
 7.38547600e-07  6.10000000e-01  6.09904054e-01 
 7.39647600e-07  6.10000000e-01  6.09904645e-01 
 7.40747600e-07  6.10000000e-01  6.09905289e-01 
 7.41847600e-07  6.10000000e-01  6.09905869e-01 
 7.42947600e-07  6.10000000e-01  6.09906503e-01 
 7.44047600e-07  6.10000000e-01  6.09907072e-01 
 7.45147600e-07  6.10000000e-01  6.09907695e-01 
 7.46247600e-07  6.10000000e-01  6.09908254e-01 
 7.47347600e-07  6.10000000e-01  6.09908867e-01 
 7.48447600e-07  6.10000000e-01  6.09909415e-01 
 7.49547600e-07  6.10000000e-01  6.09910018e-01 
 7.50647600e-07  6.10000000e-01  6.09910556e-01 
 7.51747600e-07  6.10000000e-01  6.09911148e-01 
 7.52847600e-07  6.10000000e-01  6.09911677e-01 
 7.53947600e-07  6.10000000e-01  6.09912259e-01 
 7.55047600e-07  6.10000000e-01  6.09912778e-01 
 7.56147600e-07  6.10000000e-01  6.09913350e-01 
 7.57247600e-07  6.10000000e-01  6.09913860e-01 
 7.58347600e-07  6.10000000e-01  6.09914423e-01 
 7.59447600e-07  6.10000000e-01  6.09914922e-01 
 7.60547600e-07  6.10000000e-01  6.09915476e-01 
 7.61647600e-07  6.10000000e-01  6.09915966e-01 
 7.62747600e-07  6.10000000e-01  6.09916511e-01 
 7.63847600e-07  6.10000000e-01  6.09916992e-01 
 7.64947600e-07  6.10000000e-01  6.09917527e-01 
 7.66047600e-07  6.10000000e-01  6.09918000e-01 
 7.67147600e-07  6.10000000e-01  6.09918526e-01 
 7.68247600e-07  6.10000000e-01  6.09918990e-01 
 7.69347600e-07  6.10000000e-01  6.09919508e-01 
 7.70447600e-07  6.10000000e-01  6.09919962e-01 
 7.71547600e-07  6.10000000e-01  6.09920472e-01 
 7.72647600e-07  6.10000000e-01  6.09920918e-01 
 7.73747600e-07  6.10000000e-01  6.09921419e-01 
 7.74847600e-07  6.10000000e-01  6.09921857e-01 
 7.75947600e-07  6.10000000e-01  6.09922349e-01 
 7.77047600e-07  6.10000000e-01  6.09922779e-01 
 7.78147600e-07  6.10000000e-01  6.09923263e-01 
 7.79247600e-07  6.10000000e-01  6.09923685e-01 
 7.80347600e-07  6.10000000e-01  6.09924161e-01 
 7.81447600e-07  6.10000000e-01  6.09924575e-01 
 7.82547600e-07  6.10000000e-01  6.09925044e-01 
 7.83647600e-07  6.10000000e-01  6.09925450e-01 
 7.84747600e-07  6.10000000e-01  6.09925911e-01 
 7.85847600e-07  6.10000000e-01  6.09926309e-01 
 7.86947600e-07  6.10000000e-01  6.09926762e-01 
 7.88047600e-07  6.10000000e-01  6.09927153e-01 
 7.89147600e-07  6.10000000e-01  6.09927599e-01 
 7.90247600e-07  6.10000000e-01  6.09927983e-01 
 7.91347600e-07  6.10000000e-01  6.09928421e-01 
 7.92447600e-07  6.10000000e-01  6.09928797e-01 
 7.93547600e-07  6.10000000e-01  6.09929228e-01 
 7.94647600e-07  6.10000000e-01  6.09929598e-01 
 7.95747600e-07  6.10000000e-01  6.09930022e-01 
 7.96847600e-07  6.10000000e-01  6.09930384e-01 
 7.97947600e-07  6.10000000e-01  6.09930801e-01 
 7.99047600e-07  6.10000000e-01  6.09931157e-01 
 8.00147600e-07  6.10000000e-01  6.09931567e-01 
 8.01247600e-07  6.10000000e-01  6.09931916e-01 
 8.02347600e-07  6.10000000e-01  6.09932319e-01 
 8.03447600e-07  6.10000000e-01  6.09932661e-01 
 8.04547600e-07  6.10000000e-01  6.09933058e-01 
 8.05647600e-07  6.10000000e-01  6.09933394e-01 
 8.06747600e-07  6.10000000e-01  6.09933784e-01 
 8.07847600e-07  6.10000000e-01  6.09934114e-01 
 8.08947600e-07  6.10000000e-01  6.09934498e-01 
 8.10047600e-07  6.10000000e-01  6.09934821e-01 
 8.11147600e-07  6.10000000e-01  6.09935199e-01 
 8.12247600e-07  6.10000000e-01  6.09935515e-01 
 8.13347600e-07  6.10000000e-01  6.09935887e-01 
 8.14447600e-07  6.10000000e-01  6.09936198e-01 
 8.15547600e-07  6.10000000e-01  6.09936564e-01 
 8.16647600e-07  6.10000000e-01  6.09936868e-01 
 8.17747600e-07  6.10000000e-01  6.09937228e-01 
 8.18847600e-07  6.10000000e-01  6.09937527e-01 
 8.19947600e-07  6.10000000e-01  6.09937881e-01 
 8.21047600e-07  6.10000000e-01  6.09938174e-01 
 8.22147600e-07  6.10000000e-01  6.09938522e-01 
 8.23247600e-07  6.10000000e-01  6.09938810e-01 
 8.24347600e-07  6.10000000e-01  6.09939153e-01 
 8.25447600e-07  6.10000000e-01  6.09939434e-01 
 8.26547600e-07  6.10000000e-01  6.09939772e-01 
 8.27647600e-07  6.10000000e-01  6.09940048e-01 
 8.28747600e-07  6.10000000e-01  6.09940380e-01 
 8.29847600e-07  6.10000000e-01  6.09940651e-01 
 8.30947600e-07  6.10000000e-01  6.09940977e-01 
 8.32047600e-07  6.10000000e-01  6.09941243e-01 
 8.33147600e-07  6.10000000e-01  6.09941565e-01 
 8.34247600e-07  6.10000000e-01  6.09941825e-01 
 8.35347600e-07  6.10000000e-01  6.09942141e-01 
 8.36447600e-07  6.10000000e-01  6.09942397e-01 
 8.37547600e-07  6.10000000e-01  6.09942708e-01 
 8.38647600e-07  6.10000000e-01  6.09942958e-01 
 8.39747600e-07  6.10000000e-01  6.09943265e-01 
 8.40847600e-07  6.10000000e-01  6.09943510e-01 
 8.41947600e-07  6.10000000e-01  6.09943811e-01 
 8.43047600e-07  6.10000000e-01  6.09944052e-01 
 8.44147600e-07  6.10000000e-01  6.09944349e-01 
 8.45247600e-07  6.10000000e-01  6.09944585e-01 
 8.46347600e-07  6.10000000e-01  6.09944877e-01 
 8.47447600e-07  6.10000000e-01  6.09945108e-01 
 8.48547600e-07  6.10000000e-01  6.09945395e-01 
 8.49647600e-07  6.10000000e-01  6.09945622e-01 
 8.50747600e-07  6.10000000e-01  6.09945905e-01 
 8.51847600e-07  6.10000000e-01  6.09946127e-01 
 8.52947600e-07  6.10000000e-01  6.09946405e-01 
 8.54047600e-07  6.10000000e-01  6.09946623e-01 
 8.55147600e-07  6.10000000e-01  6.09946897e-01 
 8.56247600e-07  6.10000000e-01  6.09947111e-01 
 8.57347600e-07  6.10000000e-01  6.09947380e-01 
 8.58447600e-07  6.10000000e-01  6.09947589e-01 
 8.59547600e-07  6.10000000e-01  6.09947855e-01 
 8.60647600e-07  6.10000000e-01  6.09948060e-01 
 8.61747600e-07  6.10000000e-01  6.09948321e-01 
 8.62847600e-07  6.10000000e-01  6.09948522e-01 
 8.63947600e-07  6.10000000e-01  6.09948779e-01 
 8.65047600e-07  6.10000000e-01  6.09948976e-01 
 8.66147600e-07  6.10000000e-01  6.09949229e-01 
 8.67247600e-07  6.10000000e-01  6.09949422e-01 
 8.68347600e-07  6.10000000e-01  6.09949671e-01 
 8.69447600e-07  6.10000000e-01  6.09949860e-01 
 8.70547600e-07  6.10000000e-01  6.09950106e-01 
 8.71647600e-07  6.10000000e-01  6.09950291e-01 
 8.72747600e-07  6.10000000e-01  6.09950532e-01 
 8.73847600e-07  6.10000000e-01  6.09950714e-01 
 8.74947600e-07  6.10000000e-01  6.09950952e-01 
 8.76047600e-07  6.10000000e-01  6.09951130e-01 
 8.77147600e-07  6.10000000e-01  6.09951364e-01 
 8.78247600e-07  6.10000000e-01  6.09951538e-01 
 8.79347600e-07  6.10000000e-01  6.09951768e-01 
 8.80447600e-07  6.10000000e-01  6.09951939e-01 
 8.81547600e-07  6.10000000e-01  6.09952166e-01 
 8.82647600e-07  6.10000000e-01  6.09952333e-01 
 8.83747600e-07  6.10000000e-01  6.09952557e-01 
 8.84847600e-07  6.10000000e-01  6.09952720e-01 
 8.85947600e-07  6.10000000e-01  6.09952940e-01 
 8.87047600e-07  6.10000000e-01  6.09953101e-01 
 8.88147600e-07  6.10000000e-01  6.09953317e-01 
 8.89247600e-07  6.10000000e-01  6.09953474e-01 
 8.90347600e-07  6.10000000e-01  6.09953688e-01 
 8.91447600e-07  6.10000000e-01  6.09953841e-01 
 8.92547600e-07  6.10000000e-01  6.09954051e-01 
 8.93647600e-07  6.10000000e-01  6.09954202e-01 
 8.94747600e-07  6.10000000e-01  6.09954409e-01 
 8.95847600e-07  6.10000000e-01  6.09954556e-01 
 8.96947600e-07  6.10000000e-01  6.09954760e-01 
 8.98047600e-07  6.10000000e-01  6.09954905e-01 
 8.99147600e-07  6.10000000e-01  6.09955105e-01 
 9.00247600e-07  6.10000000e-01  6.09955247e-01 
 9.01347600e-07  6.10000000e-01  6.09955444e-01 
 9.02447600e-07  6.10000000e-01  6.09955583e-01 
 9.03547600e-07  6.10000000e-01  6.09955777e-01 
 9.04647600e-07  6.10000000e-01  6.09955913e-01 
 9.05747600e-07  6.10000000e-01  6.09956104e-01 
 9.06847600e-07  6.10000000e-01  6.09956237e-01 
 9.07947600e-07  6.10000000e-01  6.09956426e-01 
 9.09047600e-07  6.10000000e-01  6.09956556e-01 
 9.10147600e-07  6.10000000e-01  6.09956742e-01 
 9.11247600e-07  6.10000000e-01  6.09956869e-01 
 9.12347600e-07  6.10000000e-01  6.09957052e-01 
 9.13447600e-07  6.10000000e-01  6.09957176e-01 
 9.14547600e-07  6.10000000e-01  6.09957357e-01 
 9.15647600e-07  6.10000000e-01  6.09957478e-01 
 9.16747600e-07  6.10000000e-01  6.09957656e-01 
 9.17847600e-07  6.10000000e-01  6.09957775e-01 
 9.18947600e-07  6.10000000e-01  6.09957950e-01 
 9.20047600e-07  6.10000000e-01  6.09958067e-01 
 9.21147600e-07  6.10000000e-01  6.09958239e-01 
 9.22247600e-07  6.10000000e-01  6.09958353e-01 
 9.23347600e-07  6.10000000e-01  6.09958523e-01 
 9.24447600e-07  6.10000000e-01  6.09958635e-01 
 9.25547600e-07  6.10000000e-01  6.09958802e-01 
 9.26647600e-07  6.10000000e-01  6.09958911e-01 
 9.27747600e-07  6.10000000e-01  6.09959076e-01 
 9.28847600e-07  6.10000000e-01  6.09959183e-01 
 9.29947600e-07  6.10000000e-01  6.09959346e-01 
 9.31047600e-07  6.10000000e-01  6.09959450e-01 
 9.32147600e-07  6.10000000e-01  6.09959610e-01 
 9.33247600e-07  6.10000000e-01  6.09959712e-01 
 9.34347600e-07  6.10000000e-01  6.09959870e-01 
 9.35447600e-07  6.10000000e-01  6.09959969e-01 
 9.36547600e-07  6.10000000e-01  6.09960125e-01 
 9.37647600e-07  6.10000000e-01  6.09960223e-01 
 9.38747600e-07  6.10000000e-01  6.09960376e-01 
 9.39847600e-07  6.10000000e-01  6.09960471e-01 
 9.40947600e-07  6.10000000e-01  6.09960623e-01 
 9.42047600e-07  6.10000000e-01  6.09960715e-01 
 9.43147600e-07  6.10000000e-01  6.09960865e-01 
 9.44247600e-07  6.10000000e-01  6.09960955e-01 
 9.45347600e-07  6.10000000e-01  6.09961103e-01 
 9.46447600e-07  6.10000000e-01  6.09961191e-01 
 9.47547600e-07  6.10000000e-01  6.09961336e-01 
 9.48647600e-07  6.10000000e-01  6.09961423e-01 
 9.49747600e-07  6.10000000e-01  6.09961566e-01 
 9.50847600e-07  6.10000000e-01  6.09961650e-01 
 9.51947600e-07  6.10000000e-01  6.09961791e-01 
 9.53047600e-07  6.10000000e-01  6.09961874e-01 
 9.54147600e-07  6.10000000e-01  6.09962013e-01 
 9.55247600e-07  6.10000000e-01  6.09962094e-01 
 9.56347600e-07  6.10000000e-01  6.09962231e-01 
 9.57447600e-07  6.10000000e-01  6.09962309e-01 
 9.58547600e-07  6.10000000e-01  6.09962445e-01 
 9.59647600e-07  6.10000000e-01  6.09962521e-01 
 9.60747600e-07  6.10000000e-01  6.09962655e-01 
 9.61847600e-07  6.10000000e-01  6.09962730e-01 
 9.62947600e-07  6.10000000e-01  6.09962861e-01 
 9.64047600e-07  6.10000000e-01  6.09962934e-01 
 9.65147600e-07  6.10000000e-01  6.09963064e-01 
 9.66247600e-07  6.10000000e-01  6.09963135e-01 
 9.67347600e-07  6.10000000e-01  6.09963263e-01 
 9.68447600e-07  6.10000000e-01  6.09963333e-01 
 9.69547600e-07  6.10000000e-01  6.09963459e-01 
 9.70647600e-07  6.10000000e-01  6.09963527e-01 
 9.71747600e-07  6.10000000e-01  6.09963651e-01 
 9.72847600e-07  6.10000000e-01  6.09963717e-01 
 9.73947600e-07  6.10000000e-01  6.09963840e-01 
 9.75047600e-07  6.10000000e-01  6.09963905e-01 
 9.76147600e-07  6.10000000e-01  6.09964026e-01 
 9.77247600e-07  6.10000000e-01  6.09964089e-01 
 9.78347600e-07  6.10000000e-01  6.09964208e-01 
 9.79447600e-07  6.10000000e-01  6.09964269e-01 
 9.80547600e-07  6.10000000e-01  6.09964387e-01 
 9.81647600e-07  6.10000000e-01  6.09964447e-01 
 9.82747600e-07  6.10000000e-01  6.09964563e-01 
 9.83847600e-07  6.10000000e-01  6.09964621e-01 
 9.84947600e-07  6.10000000e-01  6.09964736e-01 
 9.86047600e-07  6.10000000e-01  6.09964793e-01 
 9.87147600e-07  6.10000000e-01  6.09964906e-01 
 9.88247600e-07  6.10000000e-01  6.09964961e-01 
 9.89347600e-07  6.10000000e-01  6.09965073e-01 
 9.90447600e-07  6.10000000e-01  6.09965127e-01 
 9.91547600e-07  6.10000000e-01  6.09965237e-01 
 9.92647600e-07  6.10000000e-01  6.09965289e-01 
 9.93747600e-07  6.10000000e-01  6.09965398e-01 
 9.94847600e-07  6.10000000e-01  6.09965449e-01 
 9.95947600e-07  6.10000000e-01  6.09965556e-01 
 9.97047600e-07  6.10000000e-01  6.09965606e-01 
 9.98147600e-07  6.10000000e-01  6.09965712e-01 
 9.99247600e-07  6.10000000e-01  6.09965760e-01 
 1.00034760e-06  6.10000000e-01  6.09965864e-01 
 1.00144760e-06  6.10000000e-01  6.09965911e-01 
 1.00254760e-06  6.10000000e-01  6.09966014e-01 
 1.00364760e-06  6.10000000e-01  6.09966060e-01 
 1.00474760e-06  6.10000000e-01  6.09966162e-01 
 1.00584760e-06  6.10000000e-01  6.09966206e-01 
 1.00694760e-06  6.10000000e-01  6.09966307e-01 
 1.00804760e-06  6.10000000e-01  6.09966350e-01 
 1.00914760e-06  6.10000000e-01  6.09966449e-01 
 1.01024760e-06  6.10000000e-01  6.09966491e-01 
 1.01134760e-06  6.10000000e-01  6.09966589e-01 
 1.01244760e-06  6.10000000e-01  6.09966629e-01 
 1.01354760e-06  6.10000000e-01  6.09966726e-01 
 1.01464760e-06  6.10000000e-01  6.09966765e-01 
 1.01574760e-06  6.10000000e-01  6.09966861e-01 
 1.01684760e-06  6.10000000e-01  6.09966899e-01 
 1.01794760e-06  6.10000000e-01  6.09966994e-01 
 1.01904760e-06  6.10000000e-01  6.09967030e-01 
 1.02014760e-06  6.10000000e-01  6.09967124e-01 
 1.02124760e-06  6.10000000e-01  6.09967160e-01 
 1.02234760e-06  6.10000000e-01  6.09967252e-01 
 1.02344760e-06  6.10000000e-01  6.09967286e-01 
 1.02454760e-06  6.10000000e-01  6.09967378e-01 
 1.02564760e-06  6.10000000e-01  6.09967411e-01 
 1.02674760e-06  6.10000000e-01  6.09967501e-01 
 1.02784760e-06  6.10000000e-01  6.09967533e-01 
 1.02894760e-06  6.10000000e-01  6.09967622e-01 
 1.03004760e-06  6.10000000e-01  6.09967654e-01 
 1.03114760e-06  6.10000000e-01  6.09967742e-01 
 1.03224760e-06  6.10000000e-01  6.09967772e-01 
 1.03334760e-06  6.10000000e-01  6.09967859e-01 
 1.03444760e-06  6.10000000e-01  6.09967888e-01 
 1.03554760e-06  6.10000000e-01  6.09967974e-01 
 1.03664760e-06  6.10000000e-01  6.09968002e-01 
 1.03774760e-06  6.10000000e-01  6.09968087e-01 
 1.03884760e-06  6.10000000e-01  6.09968114e-01 
 1.03994760e-06  6.10000000e-01  6.09968198e-01 
 1.04104760e-06  6.10000000e-01  6.09968224e-01 
 1.04214760e-06  6.10000000e-01  6.09968307e-01 
 1.04324760e-06  6.10000000e-01  6.09968332e-01 
 1.04434760e-06  6.10000000e-01  6.09968414e-01 
 1.04544760e-06  6.10000000e-01  6.09968438e-01 
 1.04654760e-06  6.10000000e-01  6.09968519e-01 
 1.04764760e-06  6.10000000e-01  6.09968543e-01 
 1.04874760e-06  6.10000000e-01  6.09968623e-01 
 1.04984760e-06  6.10000000e-01  6.09968645e-01 
 1.05094760e-06  6.10000000e-01  6.09968724e-01 
 1.05204760e-06  6.10000000e-01  6.09968746e-01 
 1.05314760e-06  6.10000000e-01  6.09968824e-01 
 1.05424760e-06  6.10000000e-01  6.09968845e-01 
 1.05534760e-06  6.10000000e-01  6.09968922e-01 
 1.05644760e-06  6.10000000e-01  6.09968942e-01 
 1.05754760e-06  6.10000000e-01  6.09969019e-01 
 1.05864760e-06  6.10000000e-01  6.09969038e-01 
 1.05974760e-06  6.10000000e-01  6.09969113e-01 
 1.06084760e-06  6.10000000e-01  6.09969132e-01 
 1.06194760e-06  6.10000000e-01  6.09969206e-01 
 1.06304760e-06  6.10000000e-01  6.09969224e-01 
 1.06414760e-06  6.10000000e-01  6.09969298e-01 
 1.06524760e-06  6.10000000e-01  6.09969314e-01 
 1.06634760e-06  6.10000000e-01  6.09969388e-01 
 1.06744760e-06  6.10000000e-01  6.09969403e-01 
 1.06854760e-06  6.10000000e-01  6.09969476e-01 
 1.06964760e-06  6.10000000e-01  6.09969491e-01 
 1.07074760e-06  6.10000000e-01  6.09969562e-01 
 1.07184760e-06  6.10000000e-01  6.09969577e-01 
 1.07294760e-06  6.10000000e-01  6.09969648e-01 
 1.07404760e-06  6.10000000e-01  6.09969661e-01 
 1.07514760e-06  6.10000000e-01  6.09969731e-01 
 1.07624760e-06  6.10000000e-01  6.09969744e-01 
 1.07734760e-06  6.10000000e-01  6.09969813e-01 
 1.07844760e-06  6.10000000e-01  6.09969826e-01 
 1.07954760e-06  6.10000000e-01  6.09969894e-01 
 1.08064760e-06  6.10000000e-01  6.09969906e-01 
 1.08174760e-06  6.10000000e-01  6.09969973e-01 
 1.08284760e-06  6.10000000e-01  6.09969984e-01 
 1.08394760e-06  6.10000000e-01  6.09970051e-01 
 1.08504760e-06  6.10000000e-01  6.09970061e-01 
 1.08614760e-06  6.10000000e-01  6.09970128e-01 
 1.08724760e-06  6.10000000e-01  6.09970137e-01 
 1.08834760e-06  6.10000000e-01  6.09970203e-01 
 1.08944760e-06  6.10000000e-01  6.09970212e-01 
 1.09054760e-06  6.10000000e-01  6.09970277e-01 
 1.09164760e-06  6.10000000e-01  6.09970285e-01 
 1.09274760e-06  6.10000000e-01  6.09970350e-01 
 1.09384760e-06  6.10000000e-01  6.09970357e-01 
 1.09494760e-06  6.10000000e-01  6.09970421e-01 
 1.09604760e-06  6.10000000e-01  6.09970428e-01 
 1.09714760e-06  6.10000000e-01  6.09970491e-01 
 1.09824760e-06  6.10000000e-01  6.09970497e-01 
 1.09934760e-06  6.10000000e-01  6.09970560e-01 
 1.10000000e-06  6.10000000e-01  6.09970552e-01 
