 time            v(inp)          v(out)         
 0.00000000e+00  4.00000000e-01  4.00059731e-01 
 1.10000000e-11  4.00000000e-01  4.00059731e-01 
 2.20000000e-11  4.00000000e-01  4.00059731e-01 
 4.40000000e-11  4.00000000e-01  4.00059731e-01 
 8.80000000e-11  4.00000000e-01  4.00059731e-01 
 1.76000000e-10  4.00000000e-01  4.00059731e-01 
 3.52000000e-10  4.00000000e-01  4.00059731e-01 
 7.04000000e-10  4.00000000e-01  4.00059731e-01 
 1.40800000e-09  4.00000000e-01  4.00059731e-01 
 2.50800000e-09  4.00000000e-01  4.00059731e-01 
 3.60800000e-09  4.00000000e-01  4.00059731e-01 
 4.70800000e-09  4.00000000e-01  4.00059731e-01 
 5.80800000e-09  4.00000000e-01  4.00059731e-01 
 6.90800000e-09  4.00000000e-01  4.00059731e-01 
 8.00800000e-09  4.00000000e-01  4.00059731e-01 
 9.10800000e-09  4.00000000e-01  4.00059731e-01 
 1.02080000e-08  4.00000000e-01  4.00059731e-01 
 1.13080000e-08  4.00000000e-01  4.00059731e-01 
 1.24080000e-08  4.00000000e-01  4.00059731e-01 
 1.35080000e-08  4.00000000e-01  4.00059731e-01 
 1.46080000e-08  4.00000000e-01  4.00059731e-01 
 1.57080000e-08  4.00000000e-01  4.00059731e-01 
 1.68080000e-08  4.00000000e-01  4.00059731e-01 
 1.79080000e-08  4.00000000e-01  4.00059731e-01 
 1.90080000e-08  4.00000000e-01  4.00059731e-01 
 2.01080000e-08  4.00000000e-01  4.00059731e-01 
 2.12080000e-08  4.00000000e-01  4.00059731e-01 
 2.23080000e-08  4.00000000e-01  4.00059731e-01 
 2.34080000e-08  4.00000000e-01  4.00059731e-01 
 2.45080000e-08  4.00000000e-01  4.00059731e-01 
 2.56080000e-08  4.00000000e-01  4.00059731e-01 
 2.67080000e-08  4.00000000e-01  4.00059731e-01 
 2.78080000e-08  4.00000000e-01  4.00059731e-01 
 2.89080000e-08  4.00000000e-01  4.00059731e-01 
 3.00080000e-08  4.00000000e-01  4.00059731e-01 
 3.11080000e-08  4.00000000e-01  4.00059731e-01 
 3.22080000e-08  4.00000000e-01  4.00059731e-01 
 3.33080000e-08  4.00000000e-01  4.00059731e-01 
 3.44080000e-08  4.00000000e-01  4.00059731e-01 
 3.55080000e-08  4.00000000e-01  4.00059731e-01 
 3.66080000e-08  4.00000000e-01  4.00059731e-01 
 3.77080000e-08  4.00000000e-01  4.00059731e-01 
 3.88080000e-08  4.00000000e-01  4.00059731e-01 
 3.99080000e-08  4.00000000e-01  4.00059731e-01 
 4.10080000e-08  4.00000000e-01  4.00059731e-01 
 4.21080000e-08  4.00000000e-01  4.00059731e-01 
 4.32080000e-08  4.00000000e-01  4.00059731e-01 
 4.43080000e-08  4.00000000e-01  4.00059731e-01 
 4.54080000e-08  4.00000000e-01  4.00059731e-01 
 4.65080000e-08  4.00000000e-01  4.00059731e-01 
 4.76080000e-08  4.00000000e-01  4.00059731e-01 
 4.87080000e-08  4.00000000e-01  4.00059731e-01 
 4.98080000e-08  4.00000000e-01  4.00059731e-01 
 5.09080000e-08  4.00000000e-01  4.00059731e-01 
 5.20080000e-08  4.00000000e-01  4.00059731e-01 
 5.31080000e-08  4.00000000e-01  4.00059731e-01 
 5.42080000e-08  4.00000000e-01  4.00059731e-01 
 5.53080000e-08  4.00000000e-01  4.00059731e-01 
 5.64080000e-08  4.00000000e-01  4.00059731e-01 
 5.75080000e-08  4.00000000e-01  4.00059731e-01 
 5.86080000e-08  4.00000000e-01  4.00059731e-01 
 5.97080000e-08  4.00000000e-01  4.00059731e-01 
 6.08080000e-08  4.00000000e-01  4.00059731e-01 
 6.19080000e-08  4.00000000e-01  4.00059731e-01 
 6.30080000e-08  4.00000000e-01  4.00059731e-01 
 6.41080000e-08  4.00000000e-01  4.00059731e-01 
 6.52080000e-08  4.00000000e-01  4.00059731e-01 
 6.63080000e-08  4.00000000e-01  4.00059731e-01 
 6.74080000e-08  4.00000000e-01  4.00059731e-01 
 6.85080000e-08  4.00000000e-01  4.00059731e-01 
 6.96080000e-08  4.00000000e-01  4.00059731e-01 
 7.07080000e-08  4.00000000e-01  4.00059731e-01 
 7.18080000e-08  4.00000000e-01  4.00059731e-01 
 7.29080000e-08  4.00000000e-01  4.00059731e-01 
 7.40080000e-08  4.00000000e-01  4.00059731e-01 
 7.51080000e-08  4.00000000e-01  4.00059731e-01 
 7.62080000e-08  4.00000000e-01  4.00059731e-01 
 7.73080000e-08  4.00000000e-01  4.00059731e-01 
 7.84080000e-08  4.00000000e-01  4.00059731e-01 
 7.95080000e-08  4.00000000e-01  4.00059731e-01 
 8.06080000e-08  4.00000000e-01  4.00059731e-01 
 8.17080000e-08  4.00000000e-01  4.00059731e-01 
 8.28080000e-08  4.00000000e-01  4.00059731e-01 
 8.39080000e-08  4.00000000e-01  4.00059731e-01 
 8.50080000e-08  4.00000000e-01  4.00059731e-01 
 8.61080000e-08  4.00000000e-01  4.00059731e-01 
 8.72080000e-08  4.00000000e-01  4.00059731e-01 
 8.83080000e-08  4.00000000e-01  4.00059731e-01 
 8.94080000e-08  4.00000000e-01  4.00059731e-01 
 9.05080000e-08  4.00000000e-01  4.00059731e-01 
 9.16080000e-08  4.00000000e-01  4.00059731e-01 
 9.27080000e-08  4.00000000e-01  4.00059731e-01 
 9.38080000e-08  4.00000000e-01  4.00059731e-01 
 9.49080000e-08  4.00000000e-01  4.00059731e-01 
 9.60080000e-08  4.00000000e-01  4.00059731e-01 
 9.71080000e-08  4.00000000e-01  4.00059731e-01 
 9.82080000e-08  4.00000000e-01  4.00059731e-01 
 9.93080000e-08  4.00000000e-01  4.00059731e-01 
 1.00000000e-07  4.00000000e-01  4.00059731e-01 
 1.00001000e-07  4.30000000e-01  4.00316813e-01 
 1.00003000e-07  4.90000000e-01  4.00765853e-01 
 1.00007000e-07  6.10000000e-01  4.01380646e-01 
 1.00010000e-07  7.00000000e-01  4.01797502e-01 
 1.00010800e-07  7.00000000e-01  4.01803791e-01 
 1.00012400e-07  7.00000000e-01  4.01804123e-01 
 1.00015600e-07  7.00000000e-01  4.01803314e-01 
 1.00022000e-07  7.00000000e-01  4.01803112e-01 
 1.00034800e-07  7.00000000e-01  4.01801377e-01 
 1.00060400e-07  7.00000000e-01  4.01799418e-01 
 1.00111600e-07  7.00000000e-01  4.01794761e-01 
 1.00214000e-07  7.00000000e-01  4.01789038e-01 
 1.00418800e-07  7.00000000e-01  4.01783625e-01 
 1.00828400e-07  7.00000000e-01  4.01794856e-01 
 1.01647600e-07  7.00000000e-01  4.01859147e-01 
 1.02747600e-07  7.00000000e-01  4.01979149e-01 
 1.03847600e-07  7.00000000e-01  4.02104049e-01 
 1.04947600e-07  7.00000000e-01  4.02232076e-01 
 1.06047600e-07  7.00000000e-01  4.02368052e-01 
 1.07147600e-07  7.00000000e-01  4.02520380e-01 
 1.08247600e-07  7.00000000e-01  4.02691285e-01 
 1.09347600e-07  7.00000000e-01  4.02883286e-01 
 1.10447600e-07  7.00000000e-01  4.03094354e-01 
 1.11547600e-07  7.00000000e-01  4.03325203e-01 
 1.12647600e-07  7.00000000e-01  4.03572913e-01 
 1.13747600e-07  7.00000000e-01  4.03837839e-01 
 1.14847600e-07  7.00000000e-01  4.04117012e-01 
 1.15947600e-07  7.00000000e-01  4.04410882e-01 
 1.17047600e-07  7.00000000e-01  4.04716658e-01 
 1.18147600e-07  7.00000000e-01  4.05034986e-01 
 1.19247600e-07  7.00000000e-01  4.05363278e-01 
 1.20347600e-07  7.00000000e-01  4.05702360e-01 
 1.21447600e-07  7.00000000e-01  4.06049816e-01 
 1.22547600e-07  7.00000000e-01  4.06406617e-01 
 1.23647600e-07  7.00000000e-01  4.06770479e-01 
 1.24747600e-07  7.00000000e-01  4.07142483e-01 
 1.25847600e-07  7.00000000e-01  4.07520450e-01 
 1.26947600e-07  7.00000000e-01  4.07905550e-01 
 1.28047600e-07  7.00000000e-01  4.08295691e-01 
 1.29147600e-07  7.00000000e-01  4.08692116e-01 
 1.30247600e-07  7.00000000e-01  4.09092805e-01 
 1.31347600e-07  7.00000000e-01  4.09499062e-01 
 1.32447600e-07  7.00000000e-01  4.09908927e-01 
 1.33547600e-07  7.00000000e-01  4.10323754e-01 
 1.34647600e-07  7.00000000e-01  4.10741632e-01 
 1.35747600e-07  7.00000000e-01  4.11163958e-01 
 1.36847600e-07  7.00000000e-01  4.11588862e-01 
 1.37947600e-07  7.00000000e-01  4.12017775e-01 
 1.39047600e-07  7.00000000e-01  4.12448864e-01 
 1.40147600e-07  7.00000000e-01  4.12883586e-01 
 1.41247600e-07  7.00000000e-01  4.13320138e-01 
 1.42347600e-07  7.00000000e-01  4.13760003e-01 
 1.43447600e-07  7.00000000e-01  4.14201403e-01 
 1.44547600e-07  7.00000000e-01  4.14645840e-01 
 1.45647600e-07  7.00000000e-01  4.15091558e-01 
 1.46747600e-07  7.00000000e-01  4.15540075e-01 
 1.47847600e-07  7.00000000e-01  4.15989656e-01 
 1.48947600e-07  7.00000000e-01  4.16441833e-01 
 1.50047600e-07  7.00000000e-01  4.16894884e-01 
 1.51147600e-07  7.00000000e-01  4.17350355e-01 
 1.52247600e-07  7.00000000e-01  4.17806539e-01 
 1.53347600e-07  7.00000000e-01  4.18264990e-01 
 1.54447600e-07  7.00000000e-01  4.18724013e-01 
 1.55547600e-07  7.00000000e-01  4.19185170e-01 
 1.56647600e-07  7.00000000e-01  4.19646776e-01 
 1.57747600e-07  7.00000000e-01  4.20110401e-01 
 1.58847600e-07  7.00000000e-01  4.20574369e-01 
 1.59947600e-07  7.00000000e-01  4.21040255e-01 
 1.61047600e-07  7.00000000e-01  4.21506389e-01 
 1.62147600e-07  7.00000000e-01  4.21974352e-01 
 1.63247600e-07  7.00000000e-01  4.22442482e-01 
 1.64347600e-07  7.00000000e-01  4.22912361e-01 
 1.65447600e-07  7.00000000e-01  4.23382334e-01 
 1.66547600e-07  7.00000000e-01  4.23853986e-01 
 1.67647600e-07  7.00000000e-01  4.24325667e-01 
 1.68747600e-07  7.00000000e-01  4.24798966e-01 
 1.69847600e-07  7.00000000e-01  4.25272236e-01 
 1.70947600e-07  7.00000000e-01  4.25747068e-01 
 1.72047600e-07  7.00000000e-01  4.26221818e-01 
 1.73147600e-07  7.00000000e-01  4.26698080e-01 
 1.74247600e-07  7.00000000e-01  4.27174215e-01 
 1.75347600e-07  7.00000000e-01  4.27651816e-01 
 1.76447600e-07  7.00000000e-01  4.28129247e-01 
 1.77547600e-07  7.00000000e-01  4.28608103e-01 
 1.78647600e-07  7.00000000e-01  4.29086751e-01 
 1.79747600e-07  7.00000000e-01  4.29566788e-01 
 1.80847600e-07  7.00000000e-01  4.30046581e-01 
 1.81947600e-07  7.00000000e-01  4.30527728e-01 
 1.83047600e-07  7.00000000e-01  4.31008601e-01 
 1.84147600e-07  7.00000000e-01  4.31490796e-01 
 1.85247600e-07  7.00000000e-01  4.31972687e-01 
 1.86347600e-07  7.00000000e-01  4.32455873e-01 
 1.87447600e-07  7.00000000e-01  4.32938728e-01 
 1.88547600e-07  7.00000000e-01  4.33422850e-01 
 1.89647600e-07  7.00000000e-01  4.33906618e-01 
 1.90747600e-07  7.00000000e-01  4.34391628e-01 
 1.91847600e-07  7.00000000e-01  4.34876261e-01 
 1.92947600e-07  7.00000000e-01  4.35362114e-01 
 1.94047600e-07  7.00000000e-01  4.35847568e-01 
 1.95147600e-07  7.00000000e-01  4.36334221e-01 
 1.96247600e-07  7.00000000e-01  4.36820457e-01 
 1.97347600e-07  7.00000000e-01  4.37307872e-01 
 1.98447600e-07  7.00000000e-01  4.37794851e-01 
 1.99547600e-07  7.00000000e-01  4.38282991e-01 
 2.00647600e-07  7.00000000e-01  4.38770678e-01 
 2.01747600e-07  7.00000000e-01  4.39259509e-01 
 2.02847600e-07  7.00000000e-01  4.39747872e-01 
 2.03947600e-07  7.00000000e-01  4.40237362e-01 
 2.05047600e-07  7.00000000e-01  4.40726369e-01 
 2.06147600e-07  7.00000000e-01  4.41216490e-01 
 2.07247600e-07  7.00000000e-01  4.41706113e-01 
 2.08347600e-07  7.00000000e-01  4.42196835e-01 
 2.09447600e-07  7.00000000e-01  4.42687047e-01 
 2.10547600e-07  7.00000000e-01  4.43178344e-01 
 2.11647600e-07  7.00000000e-01  4.43669120e-01 
 2.12747600e-07  7.00000000e-01  4.44160968e-01 
 2.13847600e-07  7.00000000e-01  4.44652283e-01 
 2.14947600e-07  7.00000000e-01  4.45144660e-01 
 2.16047600e-07  7.00000000e-01  4.45636491e-01 
 2.17147600e-07  7.00000000e-01  4.46129373e-01 
 2.18247600e-07  7.00000000e-01  4.46621701e-01 
 2.19347600e-07  7.00000000e-01  4.47115068e-01 
 2.20447600e-07  7.00000000e-01  4.47607871e-01 
 2.21547600e-07  7.00000000e-01  4.48101703e-01 
 2.22647600e-07  7.00000000e-01  4.48594962e-01 
 2.23747600e-07  7.00000000e-01  4.49089241e-01 
 2.24847600e-07  7.00000000e-01  4.49582939e-01 
 2.25947600e-07  7.00000000e-01  4.50077647e-01 
 2.27047600e-07  7.00000000e-01  4.50571765e-01 
 2.28147600e-07  7.00000000e-01  4.51066886e-01 
 2.29247600e-07  7.00000000e-01  4.51561409e-01 
 2.30347600e-07  7.00000000e-01  4.52056927e-01 
 2.31447600e-07  7.00000000e-01  4.52551839e-01 
 2.32547600e-07  7.00000000e-01  4.53047738e-01 
 2.33647600e-07  7.00000000e-01  4.53543024e-01 
 2.34747600e-07  7.00000000e-01  4.54039290e-01 
 2.35847600e-07  7.00000000e-01  4.54534937e-01 
 2.36947600e-07  7.00000000e-01  4.55031556e-01 
 2.38047600e-07  7.00000000e-01  4.55527549e-01 
 2.39147600e-07  7.00000000e-01  4.56024508e-01 
 2.40247600e-07  7.00000000e-01  4.56520836e-01 
 2.41347600e-07  7.00000000e-01  4.57018122e-01 
 2.42447600e-07  7.00000000e-01  4.57514772e-01 
 2.43547600e-07  7.00000000e-01  4.58012374e-01 
 2.44647600e-07  7.00000000e-01  4.58509334e-01 
 2.45747600e-07  7.00000000e-01  4.59007240e-01 
 2.46847600e-07  7.00000000e-01  4.59504498e-01 
 2.47947600e-07  7.00000000e-01  4.60002697e-01 
 2.49047600e-07  7.00000000e-01  4.60500244e-01 
 2.50147600e-07  7.00000000e-01  4.60998725e-01 
 2.51247600e-07  7.00000000e-01  4.61496550e-01 
 2.52347600e-07  7.00000000e-01  4.61995304e-01 
 2.53447600e-07  7.00000000e-01  4.62493396e-01 
 2.54547600e-07  7.00000000e-01  4.62992413e-01 
 2.55647600e-07  7.00000000e-01  4.63490763e-01 
 2.56747600e-07  7.00000000e-01  4.63990033e-01 
 2.57847600e-07  7.00000000e-01  4.64488633e-01 
 2.58947600e-07  7.00000000e-01  4.64988147e-01 
 2.60047600e-07  7.00000000e-01  4.65486987e-01 
 2.61147600e-07  7.00000000e-01  4.65986738e-01 
 2.62247600e-07  7.00000000e-01  4.66485809e-01 
 2.63347600e-07  7.00000000e-01  4.66985787e-01 
 2.64447600e-07  7.00000000e-01  4.67485083e-01 
 2.65547600e-07  7.00000000e-01  4.67985280e-01 
 2.66647600e-07  7.00000000e-01  4.68484791e-01 
 2.67747600e-07  7.00000000e-01  4.68985200e-01 
 2.68847600e-07  7.00000000e-01  4.69484920e-01 
 2.69947600e-07  7.00000000e-01  4.69985533e-01 
 2.71047600e-07  7.00000000e-01  4.70485454e-01 
 2.72147600e-07  7.00000000e-01  4.70986264e-01 
 2.73247600e-07  7.00000000e-01  4.71486378e-01 
 2.74347600e-07  7.00000000e-01  4.71987378e-01 
 2.75447600e-07  7.00000000e-01  4.72487679e-01 
 2.76547600e-07  7.00000000e-01  4.72988863e-01 
 2.77647600e-07  7.00000000e-01  4.73489344e-01 
 2.78747600e-07  7.00000000e-01  4.73990705e-01 
 2.79847600e-07  7.00000000e-01  4.74491360e-01 
 2.80947600e-07  7.00000000e-01  4.74992891e-01 
 2.82047600e-07  7.00000000e-01  4.75493713e-01 
 2.83147600e-07  7.00000000e-01  4.75995408e-01 
 2.84247600e-07  7.00000000e-01  4.76496392e-01 
 2.85347600e-07  7.00000000e-01  4.76998246e-01 
 2.86447600e-07  7.00000000e-01  4.77499385e-01 
 2.87547600e-07  7.00000000e-01  4.78001391e-01 
 2.88647600e-07  7.00000000e-01  4.78502681e-01 
 2.89747600e-07  7.00000000e-01  4.79004833e-01 
 2.90847600e-07  7.00000000e-01  4.79506267e-01 
 2.91947600e-07  7.00000000e-01  4.80008561e-01 
 2.93047600e-07  7.00000000e-01  4.80510134e-01 
 2.94147600e-07  7.00000000e-01  4.81012564e-01 
 2.95247600e-07  7.00000000e-01  4.81514270e-01 
 2.96347600e-07  7.00000000e-01  4.82016831e-01 
 2.97447600e-07  7.00000000e-01  4.82518666e-01 
 2.98547600e-07  7.00000000e-01  4.83021352e-01 
 2.99647600e-07  7.00000000e-01  4.83523311e-01 
 3.00747600e-07  7.00000000e-01  4.84026118e-01 
 3.01847600e-07  7.00000000e-01  4.84528195e-01 
 3.02947600e-07  7.00000000e-01  4.85031119e-01 
 3.04047600e-07  7.00000000e-01  4.85533309e-01 
 3.05147600e-07  7.00000000e-01  4.86036344e-01 
 3.06247600e-07  7.00000000e-01  4.86538644e-01 
 3.07347600e-07  7.00000000e-01  4.87041786e-01 
 3.08447600e-07  7.00000000e-01  4.87544190e-01 
 3.09547600e-07  7.00000000e-01  4.88047434e-01 
 3.10647600e-07  7.00000000e-01  4.88549939e-01 
 3.11747600e-07  7.00000000e-01  4.89053280e-01 
 3.12847600e-07  7.00000000e-01  4.89555881e-01 
 3.13947600e-07  7.00000000e-01  4.90059316e-01 
 3.15047600e-07  7.00000000e-01  4.90562008e-01 
 3.16147600e-07  7.00000000e-01  4.91065532e-01 
 3.17247600e-07  7.00000000e-01  4.91568312e-01 
 3.18347600e-07  7.00000000e-01  4.92071921e-01 
 3.19447600e-07  7.00000000e-01  4.92574784e-01 
 3.20547600e-07  7.00000000e-01  4.93078475e-01 
 3.21647600e-07  7.00000000e-01  4.93581417e-01 
 3.22747600e-07  7.00000000e-01  4.94085184e-01 
 3.23847600e-07  7.00000000e-01  4.94588202e-01 
 3.24947600e-07  7.00000000e-01  4.95092042e-01 
 3.26047600e-07  7.00000000e-01  4.95595131e-01 
 3.27147600e-07  7.00000000e-01  4.96099041e-01 
 3.28247600e-07  7.00000000e-01  4.96602197e-01 
 3.29347600e-07  7.00000000e-01  4.97106173e-01 
 3.30447600e-07  7.00000000e-01  4.97609393e-01 
 3.31547600e-07  7.00000000e-01  4.98113430e-01 
 3.32647600e-07  7.00000000e-01  4.98616710e-01 
 3.33747600e-07  7.00000000e-01  4.99120806e-01 
 3.34847600e-07  7.00000000e-01  4.99624142e-01 
 3.35947600e-07  7.00000000e-01  5.00128292e-01 
 3.37047600e-07  7.00000000e-01  5.00631681e-01 
 3.38147600e-07  7.00000000e-01  5.01135882e-01 
 3.39247600e-07  7.00000000e-01  5.01639320e-01 
 3.40347600e-07  7.00000000e-01  5.02143568e-01 
 3.41447600e-07  7.00000000e-01  5.02647052e-01 
 3.42547600e-07  7.00000000e-01  5.03151343e-01 
 3.43647600e-07  7.00000000e-01  5.03654869e-01 
 3.44747600e-07  7.00000000e-01  5.04159200e-01 
 3.45847600e-07  7.00000000e-01  5.04662765e-01 
 3.46947600e-07  7.00000000e-01  5.05167133e-01 
 3.48047600e-07  7.00000000e-01  5.05670732e-01 
 3.49147600e-07  7.00000000e-01  5.06175134e-01 
 3.50247600e-07  7.00000000e-01  5.06678765e-01 
 3.51347600e-07  7.00000000e-01  5.07183196e-01 
 3.52447600e-07  7.00000000e-01  5.07686855e-01 
 3.53547600e-07  7.00000000e-01  5.08191312e-01 
 3.54647600e-07  7.00000000e-01  5.08694996e-01 
 3.55747600e-07  7.00000000e-01  5.09199477e-01 
 3.56847600e-07  7.00000000e-01  5.09703182e-01 
 3.57947600e-07  7.00000000e-01  5.10207681e-01 
 3.59047600e-07  7.00000000e-01  5.10711404e-01 
 3.60147600e-07  7.00000000e-01  5.11215920e-01 
 3.61247600e-07  7.00000000e-01  5.11719658e-01 
 3.62347600e-07  7.00000000e-01  5.12224186e-01 
 3.63447600e-07  7.00000000e-01  5.12727935e-01 
 3.64547600e-07  7.00000000e-01  5.13232472e-01 
 3.65647600e-07  7.00000000e-01  5.13736228e-01 
 3.66747600e-07  7.00000000e-01  5.14240772e-01 
 3.67847600e-07  7.00000000e-01  5.14744532e-01 
 3.68947600e-07  7.00000000e-01  5.15249078e-01 
 3.70047600e-07  7.00000000e-01  5.15752838e-01 
 3.71147600e-07  7.00000000e-01  5.16257383e-01 
 3.72247600e-07  7.00000000e-01  5.16761141e-01 
 3.73347600e-07  7.00000000e-01  5.17265681e-01 
 3.74447600e-07  7.00000000e-01  5.17769433e-01 
 3.75547600e-07  7.00000000e-01  5.18273965e-01 
 3.76647600e-07  7.00000000e-01  5.18777707e-01 
 3.77747600e-07  7.00000000e-01  5.19282227e-01 
 3.78847600e-07  7.00000000e-01  5.19785956e-01 
 3.79947600e-07  7.00000000e-01  5.20290461e-01 
 3.81047600e-07  7.00000000e-01  5.20794172e-01 
 3.82147600e-07  7.00000000e-01  5.21298659e-01 
 3.83247600e-07  7.00000000e-01  5.21802350e-01 
 3.84347600e-07  7.00000000e-01  5.22306814e-01 
 3.85447600e-07  7.00000000e-01  5.22810481e-01 
 3.86547600e-07  7.00000000e-01  5.23314918e-01 
 3.87647600e-07  7.00000000e-01  5.23818557e-01 
 3.88747600e-07  7.00000000e-01  5.24322965e-01 
 3.89847600e-07  7.00000000e-01  5.24826573e-01 
 3.90947600e-07  7.00000000e-01  5.25330947e-01 
 3.92047600e-07  7.00000000e-01  5.25834519e-01 
 3.93147600e-07  7.00000000e-01  5.26338856e-01 
 3.94247600e-07  7.00000000e-01  5.26842389e-01 
 3.95347600e-07  7.00000000e-01  5.27346684e-01 
 3.96447600e-07  7.00000000e-01  5.27850174e-01 
 3.97547600e-07  7.00000000e-01  5.28354424e-01 
 3.98647600e-07  7.00000000e-01  5.28857866e-01 
 3.99747600e-07  7.00000000e-01  5.29362068e-01 
 4.00847600e-07  7.00000000e-01  5.29865458e-01 
 4.01947600e-07  7.00000000e-01  5.30369607e-01 
 4.03047600e-07  7.00000000e-01  5.30872942e-01 
 4.04147600e-07  7.00000000e-01  5.31377033e-01 
 4.05247600e-07  7.00000000e-01  5.31880308e-01 
 4.06347600e-07  7.00000000e-01  5.32384338e-01 
 4.07447600e-07  7.00000000e-01  5.32887549e-01 
 4.08547600e-07  7.00000000e-01  5.33391513e-01 
 4.09647600e-07  7.00000000e-01  5.33894656e-01 
 4.10747600e-07  7.00000000e-01  5.34398549e-01 
 4.11847600e-07  7.00000000e-01  5.34901620e-01 
 4.12947600e-07  7.00000000e-01  5.35405438e-01 
 4.14047600e-07  7.00000000e-01  5.35908432e-01 
 4.15147600e-07  7.00000000e-01  5.36412171e-01 
 4.16247600e-07  7.00000000e-01  5.36915083e-01 
 4.17347600e-07  7.00000000e-01  5.37418737e-01 
 4.18447600e-07  7.00000000e-01  5.37921563e-01 
 4.19547600e-07  7.00000000e-01  5.38425129e-01 
 4.20647600e-07  7.00000000e-01  5.38927863e-01 
 4.21747600e-07  7.00000000e-01  5.39431335e-01 
 4.22847600e-07  7.00000000e-01  5.39933973e-01 
 4.23947600e-07  7.00000000e-01  5.40437346e-01 
 4.25047600e-07  7.00000000e-01  5.40939882e-01 
 4.26147600e-07  7.00000000e-01  5.41443152e-01 
 4.27247600e-07  7.00000000e-01  5.41945582e-01 
 4.28347600e-07  7.00000000e-01  5.42448743e-01 
 4.29447600e-07  7.00000000e-01  5.42951060e-01 
 4.30547600e-07  7.00000000e-01  5.43454107e-01 
 4.31647600e-07  7.00000000e-01  5.43956307e-01 
 4.32747600e-07  7.00000000e-01  5.44459234e-01 
 4.33847600e-07  7.00000000e-01  5.44961311e-01 
 4.34947600e-07  7.00000000e-01  5.45464112e-01 
 4.36047600e-07  7.00000000e-01  5.45966061e-01 
 4.37147600e-07  7.00000000e-01  5.46468731e-01 
 4.38247600e-07  7.00000000e-01  5.46970545e-01 
 4.39347600e-07  7.00000000e-01  5.47473078e-01 
 4.40447600e-07  7.00000000e-01  5.47974752e-01 
 4.41547600e-07  7.00000000e-01  5.48477141e-01 
 4.42647600e-07  7.00000000e-01  5.48978668e-01 
 4.43747600e-07  7.00000000e-01  5.49480908e-01 
 4.44847600e-07  7.00000000e-01  5.49982282e-01 
 4.45947600e-07  7.00000000e-01  5.50484366e-01 
 4.47047600e-07  7.00000000e-01  5.50985581e-01 
 4.48147600e-07  7.00000000e-01  5.51487502e-01 
 4.49247600e-07  7.00000000e-01  5.51988551e-01 
 4.50347600e-07  7.00000000e-01  5.52490303e-01 
 4.51447600e-07  7.00000000e-01  5.52991179e-01 
 4.52547600e-07  7.00000000e-01  5.53492755e-01 
 4.53647600e-07  7.00000000e-01  5.53993451e-01 
 4.54747600e-07  7.00000000e-01  5.54494844e-01 
 4.55847600e-07  7.00000000e-01  5.54995352e-01 
 4.56947600e-07  7.00000000e-01  5.55496555e-01 
 4.58047600e-07  7.00000000e-01  5.55996869e-01 
 4.59147600e-07  7.00000000e-01  5.56497873e-01 
 4.60247600e-07  7.00000000e-01  5.56997985e-01 
 4.61347600e-07  7.00000000e-01  5.57498783e-01 
 4.62447600e-07  7.00000000e-01  5.57998685e-01 
 4.63547600e-07  7.00000000e-01  5.58499270e-01 
 4.64647600e-07  7.00000000e-01  5.58998953e-01 
 4.65747600e-07  7.00000000e-01  5.59499316e-01 
 4.66847600e-07  7.00000000e-01  5.59998773e-01 
 4.67947600e-07  7.00000000e-01  5.60498906e-01 
 4.69047600e-07  7.00000000e-01  5.60998127e-01 
 4.70147600e-07  7.00000000e-01  5.61498022e-01 
 4.71247600e-07  7.00000000e-01  5.61997000e-01 
 4.72347600e-07  7.00000000e-01  5.62496646e-01 
 4.73447600e-07  7.00000000e-01  5.62995371e-01 
 4.74547600e-07  7.00000000e-01  5.63494761e-01 
 4.75647600e-07  7.00000000e-01  5.63993224e-01 
 4.76747600e-07  7.00000000e-01  5.64492348e-01 
 4.77847600e-07  7.00000000e-01  5.64990540e-01 
 4.78947600e-07  7.00000000e-01  5.65489388e-01 
 4.80047600e-07  7.00000000e-01  5.65987298e-01 
 4.81147600e-07  7.00000000e-01  5.66485860e-01 
 4.82247600e-07  7.00000000e-01  5.66983479e-01 
 4.83347600e-07  7.00000000e-01  5.67481746e-01 
 4.84447600e-07  7.00000000e-01  5.67979063e-01 
 4.85547600e-07  7.00000000e-01  5.68477023e-01 
 4.86647600e-07  7.00000000e-01  5.68974028e-01 
 4.87747600e-07  7.00000000e-01  5.69471671e-01 
 4.88847600e-07  7.00000000e-01  5.69968352e-01 
 4.89947600e-07  7.00000000e-01  5.70465667e-01 
 4.91047600e-07  7.00000000e-01  5.70962014e-01 
 4.92147600e-07  7.00000000e-01  5.71458990e-01 
 4.93247600e-07  7.00000000e-01  5.71954990e-01 
 4.94347600e-07  7.00000000e-01  5.72451615e-01 
 4.95447600e-07  7.00000000e-01  5.72947257e-01 
 4.96547600e-07  7.00000000e-01  5.73443519e-01 
 4.97647600e-07  7.00000000e-01  5.73938791e-01 
 4.98747600e-07  7.00000000e-01  5.74434676e-01 
 4.99847600e-07  7.00000000e-01  5.74929566e-01 
 5.00947600e-07  7.00000000e-01  5.75425063e-01 
 5.02047600e-07  7.00000000e-01  5.75919557e-01 
 5.03147600e-07  7.00000000e-01  5.76414653e-01 
 5.04247600e-07  7.00000000e-01  5.76908737e-01 
 5.05347600e-07  7.00000000e-01  5.77403418e-01 
 5.06447600e-07  7.00000000e-01  5.77897080e-01 
 5.07547600e-07  7.00000000e-01  5.78391332e-01 
 5.08647600e-07  7.00000000e-01  5.78884557e-01 
 5.09747600e-07  7.00000000e-01  5.79378366e-01 
 5.10847600e-07  7.00000000e-01  5.79871140e-01 
 5.11947600e-07  7.00000000e-01  5.80364492e-01 
 5.13047600e-07  7.00000000e-01  5.80856800e-01 
 5.14147600e-07  7.00000000e-01  5.81349679e-01 
 5.15247600e-07  7.00000000e-01  5.81841505e-01 
 5.16347600e-07  7.00000000e-01  5.82333897e-01 
 5.17447600e-07  7.00000000e-01  5.82825226e-01 
 5.18547600e-07  7.00000000e-01  5.83317114e-01 
 5.19647600e-07  7.00000000e-01  5.83807930e-01 
 5.20747600e-07  7.00000000e-01  5.84299298e-01 
 5.21847600e-07  7.00000000e-01  5.84789585e-01 
 5.22947600e-07  7.00000000e-01  5.85280416e-01 
 5.24047600e-07  7.00000000e-01  5.85770156e-01 
 5.25147600e-07  7.00000000e-01  5.86260434e-01 
 5.26247600e-07  7.00000000e-01  5.86749609e-01 
 5.27347600e-07  7.00000000e-01  5.87239315e-01 
 5.28447600e-07  7.00000000e-01  5.87727909e-01 
 5.29547600e-07  7.00000000e-01  5.88217026e-01 
 5.30647600e-07  7.00000000e-01  5.88705019e-01 
 5.31747600e-07  7.00000000e-01  5.89193528e-01 
 5.32847600e-07  7.00000000e-01  5.89680902e-01 
 5.33947600e-07  7.00000000e-01  5.90168784e-01 
 5.35047600e-07  7.00000000e-01  5.90655519e-01 
 5.36147600e-07  7.00000000e-01  5.91142754e-01 
 5.37247600e-07  7.00000000e-01  5.91628831e-01 
 5.38347600e-07  7.00000000e-01  5.92115399e-01 
 5.39447600e-07  7.00000000e-01  5.92600798e-01 
 5.40547600e-07  7.00000000e-01  5.93086678e-01 
 5.41647600e-07  7.00000000e-01  5.93571377e-01 
 5.42747600e-07  7.00000000e-01  5.94056549e-01 
 5.43847600e-07  7.00000000e-01  5.94540527e-01 
 5.44947600e-07  7.00000000e-01  5.95024969e-01 
 5.46047600e-07  7.00000000e-01  5.95508204e-01 
 5.47147600e-07  7.00000000e-01  5.95991893e-01 
 5.48247600e-07  7.00000000e-01  5.96474362e-01 
 5.49347600e-07  7.00000000e-01  5.96957277e-01 
 5.50447600e-07  7.00000000e-01  5.97438957e-01 
 5.51547600e-07  7.00000000e-01  5.97921073e-01 
 5.52647600e-07  7.00000000e-01  5.98401941e-01 
 5.53747600e-07  7.00000000e-01  5.98883235e-01 
 5.54847600e-07  7.00000000e-01  5.99363266e-01 
 5.55947600e-07  7.00000000e-01  5.99843713e-01 
 5.57047600e-07  7.00000000e-01  6.00322883e-01 
 5.58147600e-07  7.00000000e-01  6.00802458e-01 
 5.59247600e-07  7.00000000e-01  6.01280741e-01 
 5.60347600e-07  7.00000000e-01  6.01759419e-01 
 5.61447600e-07  7.00000000e-01  6.02236789e-01 
 5.62547600e-07  7.00000000e-01  6.02714542e-01 
 5.63647600e-07  7.00000000e-01  6.03190973e-01 
 5.64747600e-07  7.00000000e-01  6.03667776e-01 
 5.65847600e-07  7.00000000e-01  6.04143240e-01 
 5.66947600e-07  7.00000000e-01  6.04619065e-01 
 5.68047600e-07  7.00000000e-01  6.05093534e-01 
 5.69147600e-07  7.00000000e-01  6.05568352e-01 
 5.70247600e-07  7.00000000e-01  6.06041798e-01 
 5.71347600e-07  7.00000000e-01  6.06515581e-01 
 5.72447600e-07  7.00000000e-01  6.06987975e-01 
 5.73547600e-07  7.00000000e-01  6.07460694e-01 
 5.74647600e-07  7.00000000e-01  6.07932005e-01 
 5.75747600e-07  7.00000000e-01  6.08403629e-01 
 5.76847600e-07  7.00000000e-01  6.08873828e-01 
 5.77947600e-07  7.00000000e-01  6.09344326e-01 
 5.79047600e-07  7.00000000e-01  6.09813381e-01 
 5.80147600e-07  7.00000000e-01  6.10282723e-01 
 5.81247600e-07  7.00000000e-01  6.10750602e-01 
 5.82347600e-07  7.00000000e-01  6.11218755e-01 
 5.83447600e-07  7.00000000e-01  6.11685427e-01 
 5.84547600e-07  7.00000000e-01  6.12152357e-01 
 5.85647600e-07  7.00000000e-01  6.12617788e-01 
 5.86747600e-07  7.00000000e-01  6.13083464e-01 
 5.87847600e-07  7.00000000e-01  6.13547619e-01 
 5.88947600e-07  7.00000000e-01  6.14012006e-01 
 5.90047600e-07  7.00000000e-01  6.14474852e-01 
 5.91147600e-07  7.00000000e-01  6.14937915e-01 
 5.92247600e-07  7.00000000e-01  6.15399416e-01 
 5.93347600e-07  7.00000000e-01  6.15861119e-01 
 5.94447600e-07  7.00000000e-01  6.16321241e-01 
 5.95547600e-07  7.00000000e-01  6.16781548e-01 
 5.96647600e-07  7.00000000e-01  6.17240252e-01 
 5.97747600e-07  7.00000000e-01  6.17699128e-01 
 5.98847600e-07  7.00000000e-01  6.18156378e-01 
 5.99947600e-07  7.00000000e-01  6.18613783e-01 
 6.01047600e-07  7.00000000e-01  6.19069541e-01 
 6.02147600e-07  7.00000000e-01  6.19525439e-01 
 6.03247600e-07  7.00000000e-01  6.19979666e-01 
 6.04347600e-07  7.00000000e-01  6.20434017e-01 
 6.05447600e-07  7.00000000e-01  6.20886674e-01 
 6.06547600e-07  7.00000000e-01  6.21339438e-01 
 6.07647600e-07  7.00000000e-01  6.21790485e-01 
 6.08747600e-07  7.00000000e-01  6.22241623e-01 
 6.09847600e-07  7.00000000e-01  6.22691020e-01 
 6.10947600e-07  7.00000000e-01  6.23140490e-01 
 6.12047600e-07  7.00000000e-01  6.23588195e-01 
 6.13147600e-07  7.00000000e-01  6.24035956e-01 
 6.14247600e-07  7.00000000e-01  6.24481927e-01 
 6.15347600e-07  7.00000000e-01  6.24927937e-01 
 6.16447600e-07  7.00000000e-01  6.25372132e-01 
 6.17547600e-07  7.00000000e-01  6.25816347e-01 
 6.18647600e-07  7.00000000e-01  6.26258723e-01 
 6.19747600e-07  7.00000000e-01  6.26701101e-01 
 6.20847600e-07  7.00000000e-01  6.27141613e-01 
 6.21947600e-07  7.00000000e-01  6.27582109e-01 
 6.23047600e-07  7.00000000e-01  6.28020713e-01 
 6.24147600e-07  7.00000000e-01  6.28459283e-01 
 6.25247600e-07  7.00000000e-01  6.28895935e-01 
 6.26347600e-07  7.00000000e-01  6.29332533e-01 
 6.27447600e-07  7.00000000e-01  6.29767186e-01 
 6.28547600e-07  7.00000000e-01  6.30201767e-01 
 6.29647600e-07  7.00000000e-01  6.30634375e-01 
 6.30747600e-07  7.00000000e-01  6.31066892e-01 
 6.31847600e-07  7.00000000e-01  6.31497409e-01 
 6.32947600e-07  7.00000000e-01  6.31927814e-01 
 6.34047600e-07  7.00000000e-01  6.32356193e-01 
 6.35147600e-07  7.00000000e-01  6.32784440e-01 
 6.36247600e-07  7.00000000e-01  6.33210632e-01 
 6.37347600e-07  7.00000000e-01  6.33636673e-01 
 6.38447600e-07  7.00000000e-01  6.34060630e-01 
 6.39547600e-07  7.00000000e-01  6.34484416e-01 
 6.40647600e-07  7.00000000e-01  6.34906090e-01 
 6.41747600e-07  7.00000000e-01  6.35327573e-01 
 6.42847600e-07  7.00000000e-01  6.35746915e-01 
 6.43947600e-07  7.00000000e-01  6.36166045e-01 
 6.45047600e-07  7.00000000e-01  6.36583005e-01 
 6.46147600e-07  7.00000000e-01  6.36999733e-01 
 6.47247600e-07  7.00000000e-01  6.37414262e-01 
 6.48347600e-07  7.00000000e-01  6.37828538e-01 
 6.49447600e-07  7.00000000e-01  6.38240586e-01 
 6.50547600e-07  7.00000000e-01  6.38652360e-01 
 6.51647600e-07  7.00000000e-01  6.39061876e-01 
 6.52747600e-07  7.00000000e-01  6.39471098e-01 
 6.53847600e-07  7.00000000e-01  6.39878033e-01 
 6.54947600e-07  7.00000000e-01  6.40284652e-01 
 6.56047600e-07  7.00000000e-01  6.40688955e-01 
 6.57147600e-07  7.00000000e-01  6.41092922e-01 
 6.58247600e-07  7.00000000e-01  6.41494543e-01 
 6.59347600e-07  7.00000000e-01  6.41895806e-01 
 6.60447600e-07  7.00000000e-01  6.42294694e-01 
 6.61547600e-07  7.00000000e-01  6.42693203e-01 
 6.62647600e-07  7.00000000e-01  6.43089309e-01 
 6.63747600e-07  7.00000000e-01  6.43485014e-01 
 6.64847600e-07  7.00000000e-01  6.43878287e-01 
 6.65947600e-07  7.00000000e-01  6.44271139e-01 
 6.67047600e-07  7.00000000e-01  6.44661528e-01 
 6.68147600e-07  7.00000000e-01  6.45051478e-01 
 6.69247600e-07  7.00000000e-01  6.45438935e-01 
 6.70347600e-07  7.00000000e-01  6.45825932e-01 
 6.71447600e-07  7.00000000e-01  6.46210408e-01 
 6.72547600e-07  7.00000000e-01  6.46594404e-01 
 6.73647600e-07  7.00000000e-01  6.46975852e-01 
 6.74747600e-07  7.00000000e-01  6.47356799e-01 
 6.75847600e-07  7.00000000e-01  6.47735169e-01 
 6.76947600e-07  7.00000000e-01  6.48113020e-01 
 6.78047600e-07  7.00000000e-01  6.48488266e-01 
 6.79147600e-07  7.00000000e-01  6.48862974e-01 
 6.80247600e-07  7.00000000e-01  6.49235051e-01 
 6.81347600e-07  7.00000000e-01  6.49606571e-01 
 6.82447600e-07  7.00000000e-01  6.49975432e-01 
 6.83547600e-07  7.00000000e-01  6.50343720e-01 
 6.84647600e-07  7.00000000e-01  6.50709323e-01 
 6.85747600e-07  7.00000000e-01  6.51074334e-01 
 6.86847600e-07  7.00000000e-01  6.51436636e-01 
 6.87947600e-07  7.00000000e-01  6.51798329e-01 
 6.89047600e-07  7.00000000e-01  6.52157289e-01 
 6.90147600e-07  7.00000000e-01  6.52515624e-01 
 6.91247600e-07  7.00000000e-01  6.52871201e-01 
 6.92347600e-07  7.00000000e-01  6.53226138e-01 
 6.93447600e-07  7.00000000e-01  6.53578295e-01 
 6.94547600e-07  7.00000000e-01  6.53929797e-01 
 6.95647600e-07  7.00000000e-01  6.54278496e-01 
 6.96747600e-07  7.00000000e-01  6.54626528e-01 
 6.97847600e-07  7.00000000e-01  6.54971735e-01 
 6.98947600e-07  7.00000000e-01  6.55316263e-01 
 7.00047600e-07  7.00000000e-01  6.55657945e-01 
 7.01147600e-07  7.00000000e-01  6.55998936e-01 
 7.02247600e-07  7.00000000e-01  6.56337063e-01 
 7.03347600e-07  7.00000000e-01  6.56674488e-01 
 7.04447600e-07  7.00000000e-01  6.57009031e-01 
 7.05547600e-07  7.00000000e-01  6.57342861e-01 
 7.06647600e-07  7.00000000e-01  6.57673793e-01 
 7.07747600e-07  7.00000000e-01  6.58004004e-01 
 7.08847600e-07  7.00000000e-01  6.58331300e-01 
 7.09947600e-07  7.00000000e-01  6.58657868e-01 
 7.11047600e-07  7.00000000e-01  6.58981507e-01 
 7.12147600e-07  7.00000000e-01  6.59304411e-01 
 7.13247600e-07  7.00000000e-01  6.59624372e-01 
 7.14347600e-07  7.00000000e-01  6.59943593e-01 
 7.15447600e-07  7.00000000e-01  6.60259860e-01 
 7.16547600e-07  7.00000000e-01  6.60575382e-01 
 7.17647600e-07  7.00000000e-01  6.60887938e-01 
 7.18747600e-07  7.00000000e-01  6.61199747e-01 
 7.19847600e-07  7.00000000e-01  6.61508581e-01 
 7.20947600e-07  7.00000000e-01  6.61816665e-01 
 7.22047600e-07  7.00000000e-01  6.62121766e-01 
 7.23147600e-07  7.00000000e-01  6.62426117e-01 
 7.24247600e-07  7.00000000e-01  6.62727477e-01 
 7.25347600e-07  7.00000000e-01  6.63028086e-01 
 7.26447600e-07  7.00000000e-01  6.63325700e-01 
 7.27547600e-07  7.00000000e-01  6.63622565e-01 
 7.28647600e-07  7.00000000e-01  6.63916429e-01 
 7.29747600e-07  7.00000000e-01  6.64209546e-01 
 7.30847600e-07  7.00000000e-01  6.64499660e-01 
 7.31947600e-07  7.00000000e-01  6.64789031e-01 
 7.33047600e-07  7.00000000e-01  6.65075395e-01 
 7.34147600e-07  7.00000000e-01  6.65361021e-01 
 7.35247600e-07  7.00000000e-01  6.65643639e-01 
 7.36347600e-07  7.00000000e-01  6.65925525e-01 
 7.37447600e-07  7.00000000e-01  6.66204403e-01 
 7.38547600e-07  7.00000000e-01  6.66482556e-01 
 7.39647600e-07  7.00000000e-01  6.66757702e-01 
 7.40747600e-07  7.00000000e-01  6.67032130e-01 
 7.41847600e-07  7.00000000e-01  6.67303553e-01 
 7.42947600e-07  7.00000000e-01  6.67574267e-01 
 7.44047600e-07  7.00000000e-01  6.67841980e-01 
 7.45147600e-07  7.00000000e-01  6.68108992e-01 
 7.46247600e-07  7.00000000e-01  6.68373008e-01 
 7.47347600e-07  7.00000000e-01  6.68636333e-01 
 7.48447600e-07  7.00000000e-01  6.68896666e-01 
 7.49547600e-07  7.00000000e-01  6.69156321e-01 
 7.50647600e-07  7.00000000e-01  6.69412989e-01 
 7.51747600e-07  7.00000000e-01  6.69668991e-01 
 7.52847600e-07  7.00000000e-01  6.69922013e-01 
 7.53947600e-07  7.00000000e-01  6.70174380e-01 
 7.55047600e-07  7.00000000e-01  6.70423776e-01 
 7.56147600e-07  7.00000000e-01  6.70672531e-01 
 7.57247600e-07  7.00000000e-01  6.70918323e-01 
 7.58347600e-07  7.00000000e-01  6.71163487e-01 
 7.59447600e-07  7.00000000e-01  6.71405697e-01 
 7.60547600e-07  7.00000000e-01  6.71647294e-01 
 7.61647600e-07  7.00000000e-01  6.71885948e-01 
 7.62747600e-07  7.00000000e-01  6.72124003e-01 
 7.63847600e-07  7.00000000e-01  6.72359125e-01 
 7.64947600e-07  7.00000000e-01  6.72593664e-01 
 7.66047600e-07  7.00000000e-01  6.72825281e-01 
 7.67147600e-07  7.00000000e-01  6.73056332e-01 
 7.68247600e-07  7.00000000e-01  6.73284472e-01 
 7.69347600e-07  7.00000000e-01  6.73512063e-01 
 7.70447600e-07  7.00000000e-01  6.73736755e-01 
 7.71547600e-07  7.00000000e-01  6.73960914e-01 
 7.72647600e-07  7.00000000e-01  6.74182189e-01 
 7.73747600e-07  7.00000000e-01  6.74402948e-01 
 7.74847600e-07  7.00000000e-01  6.74620835e-01 
 7.75947600e-07  7.00000000e-01  6.74838224e-01 
 7.77047600e-07  7.00000000e-01  6.75052755e-01 
 7.78147600e-07  7.00000000e-01  6.75266806e-01 
 7.79247600e-07  7.00000000e-01  6.75478014e-01 
 7.80347600e-07  7.00000000e-01  6.75688760e-01 
 7.81447600e-07  7.00000000e-01  6.75896678e-01 
 7.82547600e-07  7.00000000e-01  6.76104152e-01 
 7.83647600e-07  7.00000000e-01  6.76308813e-01 
 7.84747600e-07  7.00000000e-01  6.76513050e-01 
 7.85847600e-07  7.00000000e-01  6.76714488e-01 
 7.86947600e-07  7.00000000e-01  6.76915521e-01 
 7.88047600e-07  7.00000000e-01  6.77113772e-01 
 7.89147600e-07  7.00000000e-01  6.77311637e-01 
 7.90247600e-07  7.00000000e-01  6.77506735e-01 
 7.91347600e-07  7.00000000e-01  6.77701467e-01 
 7.92447600e-07  7.00000000e-01  6.77893449e-01 
 7.93547600e-07  7.00000000e-01  6.78085084e-01 
 7.94647600e-07  7.00000000e-01  6.78273985e-01 
 7.95747600e-07  7.00000000e-01  6.78462560e-01 
 7.96847600e-07  7.00000000e-01  6.78648417e-01 
 7.97947600e-07  7.00000000e-01  6.78833967e-01 
 7.99047600e-07  7.00000000e-01  6.79016817e-01 
 8.00147600e-07  7.00000000e-01  6.79199380e-01 
 8.01247600e-07  7.00000000e-01  6.79379259e-01 
 8.02347600e-07  7.00000000e-01  6.79558871e-01 
 8.03447600e-07  7.00000000e-01  6.79735817e-01 
 8.04547600e-07  7.00000000e-01  6.79912516e-01 
 8.05647600e-07  7.00000000e-01  6.80086566e-01 
 8.06747600e-07  7.00000000e-01  6.80260389e-01 
 8.07847600e-07  7.00000000e-01  6.80431580e-01 
 8.08947600e-07  7.00000000e-01  6.80602564e-01 
 8.10047600e-07  7.00000000e-01  6.80770934e-01 
 8.11147600e-07  7.00000000e-01  6.80939117e-01 
 8.12247600e-07  7.00000000e-01  6.81104703e-01 
 8.13347600e-07  7.00000000e-01  6.81270122e-01 
 8.14447600e-07  7.00000000e-01  6.81432962e-01 
 8.15547600e-07  7.00000000e-01  6.81595655e-01 
 8.16647600e-07  7.00000000e-01  6.81755785e-01 
 8.17747600e-07  7.00000000e-01  6.81915788e-01 
 8.18847600e-07  7.00000000e-01  6.82073247e-01 
 8.19947600e-07  7.00000000e-01  6.82230599e-01 
 8.21047600e-07  7.00000000e-01  6.82385423e-01 
 8.22147600e-07  7.00000000e-01  6.82540159e-01 
 8.23247600e-07  7.00000000e-01  6.82692386e-01 
 8.24347600e-07  7.00000000e-01  6.82844545e-01 
 8.25447600e-07  7.00000000e-01  6.82994211e-01 
 8.26547600e-07  7.00000000e-01  6.83143829e-01 
 8.27647600e-07  7.00000000e-01  6.83290972e-01 
 8.28747600e-07  7.00000000e-01  6.83438084e-01 
 8.29847600e-07  7.00000000e-01  6.83582740e-01 
 8.30947600e-07  7.00000000e-01  6.83727385e-01 
 8.32047600e-07  7.00000000e-01  6.83869590e-01 
 8.33147600e-07  7.00000000e-01  6.84011803e-01 
 8.34247600e-07  7.00000000e-01  6.84151593e-01 
 8.35347600e-07  7.00000000e-01  6.84291410e-01 
 8.36447600e-07  7.00000000e-01  6.84428821e-01 
 8.37547600e-07  7.00000000e-01  6.84566278e-01 
 8.38647600e-07  7.00000000e-01  6.84701345e-01 
 8.39747600e-07  7.00000000e-01  6.84836477e-01 
 8.40847600e-07  7.00000000e-01  6.84969237e-01 
 8.41947600e-07  7.00000000e-01  6.85102079e-01 
 8.43047600e-07  7.00000000e-01  6.85232566e-01 
 8.44147600e-07  7.00000000e-01  6.85363154e-01 
 8.45247600e-07  7.00000000e-01  6.85491402e-01 
 8.46347600e-07  7.00000000e-01  6.85619769e-01 
 8.47447600e-07  7.00000000e-01  6.85745814e-01 
 8.48547600e-07  7.00000000e-01  6.85871995e-01 
 8.49647600e-07  7.00000000e-01  6.85995870e-01 
 8.50747600e-07  7.00000000e-01  6.86119898e-01 
 8.51847600e-07  7.00000000e-01  6.86241637e-01 
 8.52947600e-07  7.00000000e-01  6.86363547e-01 
 8.54047600e-07  7.00000000e-01  6.86483183e-01 
 8.55147600e-07  7.00000000e-01  6.86603007e-01 
 8.56247600e-07  7.00000000e-01  6.86720574e-01 
 8.57347600e-07  7.00000000e-01  6.86838345e-01 
 8.58447600e-07  7.00000000e-01  6.86953875e-01 
 8.59547600e-07  7.00000000e-01  6.87069626e-01 
 8.60647600e-07  7.00000000e-01  6.87183151e-01 
 8.61747600e-07  7.00000000e-01  6.87296914e-01 
 8.62847600e-07  7.00000000e-01  6.87408467e-01 
 8.63947600e-07  7.00000000e-01  6.87520274e-01 
 8.65047600e-07  7.00000000e-01  6.87629885e-01 
 8.66147600e-07  7.00000000e-01  6.87739767e-01 
 8.67247600e-07  7.00000000e-01  6.87847469e-01 
 8.68347600e-07  7.00000000e-01  6.87955457e-01 
 8.69447600e-07  7.00000000e-01  6.88061279e-01 
 8.70547600e-07  7.00000000e-01  6.88167404e-01 
 8.71647600e-07  7.00000000e-01  6.88271378e-01 
 8.72747600e-07  7.00000000e-01  6.88375671e-01 
 8.73847600e-07  7.00000000e-01  6.88477826e-01 
 8.74947600e-07  7.00000000e-01  6.88580316e-01 
 8.76047600e-07  7.00000000e-01  6.88680683e-01 
 8.77147600e-07  7.00000000e-01  6.88781398e-01 
 8.78247600e-07  7.00000000e-01  6.88880006e-01 
 8.79347600e-07  7.00000000e-01  6.88978977e-01 
 8.80447600e-07  7.00000000e-01  6.89075855e-01 
 8.81547600e-07  7.00000000e-01  6.89173110e-01 
 8.82647600e-07  7.00000000e-01  6.89268286e-01 
 8.83747600e-07  7.00000000e-01  6.89363855e-01 
 8.84847600e-07  7.00000000e-01  6.89457357e-01 
 8.85947600e-07  7.00000000e-01  6.89551266e-01 
 8.87047600e-07  7.00000000e-01  6.89643123e-01 
 8.88147600e-07  7.00000000e-01  6.89735400e-01 
 8.89247600e-07  7.00000000e-01  6.89825638e-01 
 8.90347600e-07  7.00000000e-01  6.89916311e-01 
 8.91447600e-07  7.00000000e-01  6.90004958e-01 
 8.92547600e-07  7.00000000e-01  6.90094054e-01 
 8.93647600e-07  7.00000000e-01  6.90181137e-01 
 8.94747600e-07  7.00000000e-01  6.90268681e-01 
 8.95847600e-07  7.00000000e-01  6.90354225e-01 
 8.96947600e-07  7.00000000e-01  6.90440245e-01 
 8.98047600e-07  7.00000000e-01  6.90524277e-01 
 8.99147600e-07  7.00000000e-01  6.90608797e-01 
 9.00247600e-07  7.00000000e-01  6.90691342e-01 
 9.01347600e-07  7.00000000e-01  6.90774388e-01 
 9.02447600e-07  7.00000000e-01  6.90855472e-01 
 9.03547600e-07  7.00000000e-01  6.90937069e-01 
 9.04647600e-07  7.00000000e-01  6.91016716e-01 
 9.05747600e-07  7.00000000e-01  6.91096889e-01 
 9.06847600e-07  7.00000000e-01  6.91175123e-01 
 9.07947600e-07  7.00000000e-01  6.91253896e-01 
 9.09047600e-07  7.00000000e-01  6.91330742e-01 
 9.10147600e-07  7.00000000e-01  6.91408139e-01 
 9.11247600e-07  7.00000000e-01  6.91483620e-01 
 9.12347600e-07  7.00000000e-01  6.91559664e-01 
 9.13447600e-07  7.00000000e-01  6.91633804e-01 
 9.14547600e-07  7.00000000e-01  6.91708519e-01 
 9.15647600e-07  7.00000000e-01  6.91781341e-01 
 9.16747600e-07  7.00000000e-01  6.91854748e-01 
 9.17847600e-07  7.00000000e-01  6.91926275e-01 
 9.18947600e-07  7.00000000e-01  6.91998398e-01 
 9.20047600e-07  7.00000000e-01  6.92068651e-01 
 9.21147600e-07  7.00000000e-01  6.92139512e-01 
 9.22247600e-07  7.00000000e-01  6.92208514e-01 
 9.23347600e-07  7.00000000e-01  6.92278134e-01 
 9.24447600e-07  7.00000000e-01  6.92345906e-01 
 9.25547600e-07  7.00000000e-01  6.92414307e-01 
 9.26647600e-07  7.00000000e-01  6.92480871e-01 
 9.27747600e-07  7.00000000e-01  6.92548074e-01 
 9.28847600e-07  7.00000000e-01  6.92613450e-01 
 9.29947600e-07  7.00000000e-01  6.92679476e-01 
 9.31047600e-07  7.00000000e-01  6.92743685e-01 
 9.32147600e-07  7.00000000e-01  6.92808554e-01 
 9.33247600e-07  7.00000000e-01  6.92871616e-01 
 9.34347600e-07  7.00000000e-01  6.92935349e-01 
 9.35447600e-07  7.00000000e-01  6.92997284e-01 
 9.36547600e-07  7.00000000e-01  6.93059899e-01 
 9.37647600e-07  7.00000000e-01  6.93120727e-01 
 9.38747600e-07  7.00000000e-01  6.93182245e-01 
 9.39847600e-07  7.00000000e-01  6.93241985e-01 
 9.40947600e-07  7.00000000e-01  6.93302424e-01 
 9.42047600e-07  7.00000000e-01  6.93361095e-01 
 9.43147600e-07  7.00000000e-01  6.93420474e-01 
 9.44247600e-07  7.00000000e-01  6.93478095e-01 
 9.45347600e-07  7.00000000e-01  6.93536433e-01 
 9.46447600e-07  7.00000000e-01  6.93593022e-01 
 9.47547600e-07  7.00000000e-01  6.93650337e-01 
 9.48647600e-07  7.00000000e-01  6.93705912e-01 
 9.49747600e-07  7.00000000e-01  6.93762222e-01 
 9.50847600e-07  7.00000000e-01  6.93816801e-01 
 9.51947600e-07  7.00000000e-01  6.93872124e-01 
 9.53047600e-07  7.00000000e-01  6.93925723e-01 
 9.54147600e-07  7.00000000e-01  6.93980076e-01 
 9.55247600e-07  7.00000000e-01  6.94032714e-01 
 9.56347600e-07  7.00000000e-01  6.94086113e-01 
 9.57447600e-07  7.00000000e-01  6.94137806e-01 
 9.58547600e-07  7.00000000e-01  6.94190270e-01 
 9.59647600e-07  7.00000000e-01  6.94241035e-01 
 9.60747600e-07  7.00000000e-01  6.94292578e-01 
 9.61847600e-07  7.00000000e-01  6.94342431e-01 
 9.62947600e-07  7.00000000e-01  6.94393070e-01 
 9.64047600e-07  7.00000000e-01  6.94442028e-01 
 9.65147600e-07  7.00000000e-01  6.94491779e-01 
 9.66247600e-07  7.00000000e-01  6.94539857e-01 
 9.67347600e-07  7.00000000e-01  6.94588736e-01 
 9.68447600e-07  7.00000000e-01  6.94635949e-01 
 9.69547600e-07  7.00000000e-01  6.94683971e-01 
 9.70647600e-07  7.00000000e-01  6.94730334e-01 
 9.71747600e-07  7.00000000e-01  6.94777515e-01 
 9.72847600e-07  7.00000000e-01  6.94823044e-01 
 9.73947600e-07  7.00000000e-01  6.94869397e-01 
 9.75047600e-07  7.00000000e-01  6.94914107e-01 
 9.76147600e-07  7.00000000e-01  6.94959648e-01 
 9.77247600e-07  7.00000000e-01  6.95003552e-01 
 9.78347600e-07  7.00000000e-01  6.95048295e-01 
 9.79447600e-07  7.00000000e-01  6.95091409e-01 
 9.80547600e-07  7.00000000e-01  6.95135368e-01 
 9.81647600e-07  7.00000000e-01  6.95177705e-01 
 9.82747600e-07  7.00000000e-01  6.95220893e-01 
 9.83847600e-07  7.00000000e-01  6.95262467e-01 
 9.84947600e-07  7.00000000e-01  6.95304899e-01 
 9.86047600e-07  7.00000000e-01  6.95345723e-01 
 9.87147600e-07  7.00000000e-01  6.95387412e-01 
 9.88247600e-07  7.00000000e-01  6.95427500e-01 
 9.89347600e-07  7.00000000e-01  6.95468459e-01 
 9.90447600e-07  7.00000000e-01  6.95507823e-01 
 9.91547600e-07  7.00000000e-01  6.95548065e-01 
 9.92647600e-07  7.00000000e-01  6.95586718e-01 
 9.93747600e-07  7.00000000e-01  6.95626256e-01 
 9.94847600e-07  7.00000000e-01  6.95664211e-01 
 9.95947600e-07  7.00000000e-01  6.95703057e-01 
 9.97047600e-07  7.00000000e-01  6.95740327e-01 
 9.98147600e-07  7.00000000e-01  6.95778493e-01 
 9.99247600e-07  7.00000000e-01  6.95815090e-01 
 1.00034760e-06  7.00000000e-01  6.95852588e-01 
 1.00144760e-06  7.00000000e-01  6.95888523e-01 
 1.00254760e-06  7.00000000e-01  6.95925366e-01 
 1.00364760e-06  7.00000000e-01  6.95960651e-01 
 1.00474760e-06  7.00000000e-01  6.95996849e-01 
 1.00584760e-06  7.00000000e-01  6.96031496e-01 
 1.00694760e-06  7.00000000e-01  6.96067062e-01 
 1.00804760e-06  7.00000000e-01  6.96101082e-01 
 1.00914760e-06  7.00000000e-01  6.96136026e-01 
 1.01024760e-06  7.00000000e-01  6.96169431e-01 
 1.01134760e-06  7.00000000e-01  6.96203764e-01 
 1.01244760e-06  7.00000000e-01  6.96236564e-01 
 1.01354760e-06  7.00000000e-01  6.96270298e-01 
 1.01464760e-06  7.00000000e-01  6.96302503e-01 
 1.01574760e-06  7.00000000e-01  6.96335648e-01 
 1.01684760e-06  7.00000000e-01  6.96367270e-01 
 1.01794760e-06  7.00000000e-01  6.96399837e-01 
 1.01904760e-06  7.00000000e-01  6.96430885e-01 
 1.02014760e-06  7.00000000e-01  6.96462884e-01 
 1.02124760e-06  7.00000000e-01  6.96493369e-01 
 1.02234760e-06  7.00000000e-01  6.96524810e-01 
 1.02344760e-06  7.00000000e-01  6.96554742e-01 
 1.02454760e-06  7.00000000e-01  6.96585634e-01 
 1.02564760e-06  7.00000000e-01  6.96615023e-01 
 1.02674760e-06  7.00000000e-01  6.96645377e-01 
 1.02784760e-06  7.00000000e-01  6.96674233e-01 
 1.02894760e-06  7.00000000e-01  6.96704057e-01 
 1.03004760e-06  7.00000000e-01  6.96732389e-01 
 1.03114760e-06  7.00000000e-01  6.96761694e-01 
 1.03224760e-06  7.00000000e-01  6.96789511e-01 
 1.03334760e-06  7.00000000e-01  6.96818306e-01 
 1.03444760e-06  7.00000000e-01  6.96845617e-01 
 1.03554760e-06  7.00000000e-01  6.96873911e-01 
 1.03664760e-06  7.00000000e-01  6.96900726e-01 
 1.03774760e-06  7.00000000e-01  6.96928527e-01 
 1.03884760e-06  7.00000000e-01  6.96954854e-01 
 1.03994760e-06  7.00000000e-01  6.96982172e-01 
 1.04104760e-06  7.00000000e-01  6.97008020e-01 
 1.04214760e-06  7.00000000e-01  6.97034863e-01 
 1.04324760e-06  7.00000000e-01  6.97060241e-01 
 1.04434760e-06  7.00000000e-01  6.97086617e-01 
 1.04544760e-06  7.00000000e-01  6.97111532e-01 
 1.04654760e-06  7.00000000e-01  6.97137450e-01 
 1.04764760e-06  7.00000000e-01  6.97161912e-01 
 1.04874760e-06  7.00000000e-01  6.97187379e-01 
 1.04984760e-06  7.00000000e-01  6.97211395e-01 
 1.05094760e-06  7.00000000e-01  6.97236421e-01 
 1.05204760e-06  7.00000000e-01  6.97259999e-01 
 1.05314760e-06  7.00000000e-01  6.97284590e-01 
 1.05424760e-06  7.00000000e-01  6.97307738e-01 
 1.05534760e-06  7.00000000e-01  6.97331903e-01 
 1.05644760e-06  7.00000000e-01  6.97354629e-01 
 1.05754760e-06  7.00000000e-01  6.97378375e-01 
 1.05864760e-06  7.00000000e-01  6.97400685e-01 
 1.05974760e-06  7.00000000e-01  6.97424020e-01 
 1.06084760e-06  7.00000000e-01  6.97445923e-01 
 1.06194760e-06  7.00000000e-01  6.97468853e-01 
 1.06304760e-06  7.00000000e-01  6.97490356e-01 
 1.06414760e-06  7.00000000e-01  6.97512890e-01 
 1.06524760e-06  7.00000000e-01  6.97533999e-01 
 1.06634760e-06  7.00000000e-01  6.97556143e-01 
 1.06744760e-06  7.00000000e-01  6.97576866e-01 
 1.06854760e-06  7.00000000e-01  6.97598627e-01 
 1.06964760e-06  7.00000000e-01  6.97618971e-01 
 1.07074760e-06  7.00000000e-01  6.97640356e-01 
 1.07184760e-06  7.00000000e-01  6.97660327e-01 
 1.07294760e-06  7.00000000e-01  6.97681343e-01 
 1.07404760e-06  7.00000000e-01  6.97700948e-01 
 1.07514760e-06  7.00000000e-01  6.97721601e-01 
 1.07624760e-06  7.00000000e-01  6.97740847e-01 
 1.07734760e-06  7.00000000e-01  6.97761143e-01 
 1.07844760e-06  7.00000000e-01  6.97780036e-01 
 1.07954760e-06  7.00000000e-01  6.97799982e-01 
 1.08064760e-06  7.00000000e-01  6.97818529e-01 
 1.08174760e-06  7.00000000e-01  6.97838131e-01 
 1.08284760e-06  7.00000000e-01  6.97856337e-01 
 1.08394760e-06  7.00000000e-01  6.97875602e-01 
 1.08504760e-06  7.00000000e-01  6.97893473e-01 
 1.08614760e-06  7.00000000e-01  6.97912406e-01 
 1.08724760e-06  7.00000000e-01  6.97929949e-01 
 1.08834760e-06  7.00000000e-01  6.97948556e-01 
 1.08944760e-06  7.00000000e-01  6.97965777e-01 
 1.09054760e-06  7.00000000e-01  6.97984064e-01 
 1.09164760e-06  7.00000000e-01  6.98000967e-01 
 1.09274760e-06  7.00000000e-01  6.98018940e-01 
 1.09384760e-06  7.00000000e-01  6.98035532e-01 
 1.09494760e-06  7.00000000e-01  6.98053196e-01 
 1.09604760e-06  7.00000000e-01  6.98069483e-01 
 1.09714760e-06  7.00000000e-01  6.98086844e-01 
 1.09824760e-06  7.00000000e-01  6.98102830e-01 
 1.09934760e-06  7.00000000e-01  6.98119893e-01 
 1.10000000e-06  7.00000000e-01  6.98128968e-01 
