 time            v(inp)          v(out)         
 0.00000000e+00  6.00000000e-01  5.99885466e-01 
 1.10000000e-11  6.00000000e-01  5.99885466e-01 
 2.20000000e-11  6.00000000e-01  5.99885466e-01 
 4.40000000e-11  6.00000000e-01  5.99885466e-01 
 8.80000000e-11  6.00000000e-01  5.99885466e-01 
 1.76000000e-10  6.00000000e-01  5.99885466e-01 
 3.52000000e-10  6.00000000e-01  5.99885466e-01 
 7.04000000e-10  6.00000000e-01  5.99885466e-01 
 1.40800000e-09  6.00000000e-01  5.99885466e-01 
 2.50800000e-09  6.00000000e-01  5.99885466e-01 
 3.60800000e-09  6.00000000e-01  5.99885466e-01 
 4.70800000e-09  6.00000000e-01  5.99885466e-01 
 5.80800000e-09  6.00000000e-01  5.99885466e-01 
 6.90800000e-09  6.00000000e-01  5.99885466e-01 
 8.00800000e-09  6.00000000e-01  5.99885466e-01 
 9.10800000e-09  6.00000000e-01  5.99885466e-01 
 1.02080000e-08  6.00000000e-01  5.99885466e-01 
 1.13080000e-08  6.00000000e-01  5.99885466e-01 
 1.24080000e-08  6.00000000e-01  5.99885466e-01 
 1.35080000e-08  6.00000000e-01  5.99885466e-01 
 1.46080000e-08  6.00000000e-01  5.99885466e-01 
 1.57080000e-08  6.00000000e-01  5.99885466e-01 
 1.68080000e-08  6.00000000e-01  5.99885466e-01 
 1.79080000e-08  6.00000000e-01  5.99885466e-01 
 1.90080000e-08  6.00000000e-01  5.99885466e-01 
 2.01080000e-08  6.00000000e-01  5.99885466e-01 
 2.12080000e-08  6.00000000e-01  5.99885466e-01 
 2.23080000e-08  6.00000000e-01  5.99885466e-01 
 2.34080000e-08  6.00000000e-01  5.99885466e-01 
 2.45080000e-08  6.00000000e-01  5.99885466e-01 
 2.56080000e-08  6.00000000e-01  5.99885466e-01 
 2.67080000e-08  6.00000000e-01  5.99885466e-01 
 2.78080000e-08  6.00000000e-01  5.99885466e-01 
 2.89080000e-08  6.00000000e-01  5.99885466e-01 
 3.00080000e-08  6.00000000e-01  5.99885466e-01 
 3.11080000e-08  6.00000000e-01  5.99885466e-01 
 3.22080000e-08  6.00000000e-01  5.99885466e-01 
 3.33080000e-08  6.00000000e-01  5.99885466e-01 
 3.44080000e-08  6.00000000e-01  5.99885466e-01 
 3.55080000e-08  6.00000000e-01  5.99885466e-01 
 3.66080000e-08  6.00000000e-01  5.99885466e-01 
 3.77080000e-08  6.00000000e-01  5.99885466e-01 
 3.88080000e-08  6.00000000e-01  5.99885466e-01 
 3.99080000e-08  6.00000000e-01  5.99885466e-01 
 4.10080000e-08  6.00000000e-01  5.99885466e-01 
 4.21080000e-08  6.00000000e-01  5.99885466e-01 
 4.32080000e-08  6.00000000e-01  5.99885466e-01 
 4.43080000e-08  6.00000000e-01  5.99885466e-01 
 4.54080000e-08  6.00000000e-01  5.99885466e-01 
 4.65080000e-08  6.00000000e-01  5.99885466e-01 
 4.76080000e-08  6.00000000e-01  5.99885466e-01 
 4.87080000e-08  6.00000000e-01  5.99885466e-01 
 4.98080000e-08  6.00000000e-01  5.99885466e-01 
 5.09080000e-08  6.00000000e-01  5.99885466e-01 
 5.20080000e-08  6.00000000e-01  5.99885466e-01 
 5.31080000e-08  6.00000000e-01  5.99885466e-01 
 5.42080000e-08  6.00000000e-01  5.99885466e-01 
 5.53080000e-08  6.00000000e-01  5.99885466e-01 
 5.64080000e-08  6.00000000e-01  5.99885466e-01 
 5.75080000e-08  6.00000000e-01  5.99885466e-01 
 5.86080000e-08  6.00000000e-01  5.99885466e-01 
 5.97080000e-08  6.00000000e-01  5.99885466e-01 
 6.08080000e-08  6.00000000e-01  5.99885466e-01 
 6.19080000e-08  6.00000000e-01  5.99885466e-01 
 6.30080000e-08  6.00000000e-01  5.99885466e-01 
 6.41080000e-08  6.00000000e-01  5.99885466e-01 
 6.52080000e-08  6.00000000e-01  5.99885466e-01 
 6.63080000e-08  6.00000000e-01  5.99885466e-01 
 6.74080000e-08  6.00000000e-01  5.99885466e-01 
 6.85080000e-08  6.00000000e-01  5.99885466e-01 
 6.96080000e-08  6.00000000e-01  5.99885466e-01 
 7.07080000e-08  6.00000000e-01  5.99885466e-01 
 7.18080000e-08  6.00000000e-01  5.99885466e-01 
 7.29080000e-08  6.00000000e-01  5.99885466e-01 
 7.40080000e-08  6.00000000e-01  5.99885466e-01 
 7.51080000e-08  6.00000000e-01  5.99885466e-01 
 7.62080000e-08  6.00000000e-01  5.99885466e-01 
 7.73080000e-08  6.00000000e-01  5.99885466e-01 
 7.84080000e-08  6.00000000e-01  5.99885466e-01 
 7.95080000e-08  6.00000000e-01  5.99885466e-01 
 8.06080000e-08  6.00000000e-01  5.99885466e-01 
 8.17080000e-08  6.00000000e-01  5.99885466e-01 
 8.28080000e-08  6.00000000e-01  5.99885466e-01 
 8.39080000e-08  6.00000000e-01  5.99885466e-01 
 8.50080000e-08  6.00000000e-01  5.99885466e-01 
 8.61080000e-08  6.00000000e-01  5.99885466e-01 
 8.72080000e-08  6.00000000e-01  5.99885466e-01 
 8.83080000e-08  6.00000000e-01  5.99885466e-01 
 8.94080000e-08  6.00000000e-01  5.99885466e-01 
 9.05080000e-08  6.00000000e-01  5.99885466e-01 
 9.16080000e-08  6.00000000e-01  5.99885466e-01 
 9.27080000e-08  6.00000000e-01  5.99885466e-01 
 9.38080000e-08  6.00000000e-01  5.99885466e-01 
 9.49080000e-08  6.00000000e-01  5.99885466e-01 
 9.60080000e-08  6.00000000e-01  5.99885466e-01 
 9.71080000e-08  6.00000000e-01  5.99885466e-01 
 9.82080000e-08  6.00000000e-01  5.99885466e-01 
 9.93080000e-08  6.00000000e-01  5.99885466e-01 
 1.00000000e-07  6.00000000e-01  5.99885466e-01 
 1.00001000e-07  6.01000000e-01  5.99887231e-01 
 1.00003000e-07  6.03000000e-01  5.99890984e-01 
 1.00007000e-07  6.07000000e-01  5.99898544e-01 
 1.00010000e-07  6.10000000e-01  5.99904211e-01 
 1.00010800e-07  6.10000000e-01  5.99904349e-01 
 1.00012400e-07  6.10000000e-01  5.99904398e-01 
 1.00015600e-07  6.10000000e-01  5.99904452e-01 
 1.00022000e-07  6.10000000e-01  5.99904599e-01 
 1.00034800e-07  6.10000000e-01  5.99904845e-01 
 1.00060400e-07  6.10000000e-01  5.99905339e-01 
 1.00111600e-07  6.10000000e-01  5.99906164e-01 
 1.00214000e-07  6.10000000e-01  5.99907434e-01 
 1.00418800e-07  6.10000000e-01  5.99908782e-01 
 1.00828400e-07  6.10000000e-01  5.99909237e-01 
 1.01647600e-07  6.10000000e-01  5.99908209e-01 
 1.02747600e-07  6.10000000e-01  5.99909047e-01 
 1.03847600e-07  6.10000000e-01  5.99913901e-01 
 1.04947600e-07  6.10000000e-01  5.99922766e-01 
 1.06047600e-07  6.10000000e-01  5.99935648e-01 
 1.07147600e-07  6.10000000e-01  5.99952573e-01 
 1.08247600e-07  6.10000000e-01  5.99973401e-01 
 1.09347600e-07  6.10000000e-01  5.99998040e-01 
 1.10447600e-07  6.10000000e-01  6.00026268e-01 
 1.11547600e-07  6.10000000e-01  6.00057938e-01 
 1.12647600e-07  6.10000000e-01  6.00092788e-01 
 1.13747600e-07  6.10000000e-01  6.00130654e-01 
 1.14847600e-07  6.10000000e-01  6.00171266e-01 
 1.15947600e-07  6.10000000e-01  6.00214460e-01 
 1.17047600e-07  6.10000000e-01  6.00259976e-01 
 1.18147600e-07  6.10000000e-01  6.00307663e-01 
 1.19247600e-07  6.10000000e-01  6.00357278e-01 
 1.20347600e-07  6.10000000e-01  6.00408686e-01 
 1.21447600e-07  6.10000000e-01  6.00461665e-01 
 1.22547600e-07  6.10000000e-01  6.00516101e-01 
 1.23647600e-07  6.10000000e-01  6.00571794e-01 
 1.24747600e-07  6.10000000e-01  6.00628649e-01 
 1.25847600e-07  6.10000000e-01  6.00686485e-01 
 1.26947600e-07  6.10000000e-01  6.00745228e-01 
 1.28047600e-07  6.10000000e-01  6.00804715e-01 
 1.29147600e-07  6.10000000e-01  6.00864890e-01 
 1.30247600e-07  6.10000000e-01  6.00925606e-01 
 1.31347600e-07  6.10000000e-01  6.00986824e-01 
 1.32447600e-07  6.10000000e-01  6.01048410e-01 
 1.33547600e-07  6.10000000e-01  6.01110340e-01 
 1.34647600e-07  6.10000000e-01  6.01172493e-01 
 1.35747600e-07  6.10000000e-01  6.01234856e-01 
 1.36847600e-07  6.10000000e-01  6.01297320e-01 
 1.37947600e-07  6.10000000e-01  6.01359883e-01 
 1.39047600e-07  6.10000000e-01  6.01422446e-01 
 1.40147600e-07  6.10000000e-01  6.01485013e-01 
 1.41247600e-07  6.10000000e-01  6.01547496e-01 
 1.42347600e-07  6.10000000e-01  6.01609906e-01 
 1.43447600e-07  6.10000000e-01  6.01672160e-01 
 1.44547600e-07  6.10000000e-01  6.01734279e-01 
 1.45647600e-07  6.10000000e-01  6.01796184e-01 
 1.46747600e-07  6.10000000e-01  6.01857901e-01 
 1.47847600e-07  6.10000000e-01  6.01919358e-01 
 1.48947600e-07  6.10000000e-01  6.01980583e-01 
 1.50047600e-07  6.10000000e-01  6.02041509e-01 
 1.51147600e-07  6.10000000e-01  6.02102170e-01 
 1.52247600e-07  6.10000000e-01  6.02162500e-01 
 1.53347600e-07  6.10000000e-01  6.02222537e-01 
 1.54447600e-07  6.10000000e-01  6.02282219e-01 
 1.55547600e-07  6.10000000e-01  6.02341586e-01 
 1.56647600e-07  6.10000000e-01  6.02400578e-01 
 1.57747600e-07  6.10000000e-01  6.02459237e-01 
 1.58847600e-07  6.10000000e-01  6.02517507e-01 
 1.59947600e-07  6.10000000e-01  6.02575430e-01 
 1.61047600e-07  6.10000000e-01  6.02632953e-01 
 1.62147600e-07  6.10000000e-01  6.02690120e-01 
 1.63247600e-07  6.10000000e-01  6.02746877e-01 
 1.64347600e-07  6.10000000e-01  6.02803271e-01 
 1.65447600e-07  6.10000000e-01  6.02859250e-01 
 1.66547600e-07  6.10000000e-01  6.02914860e-01 
 1.67647600e-07  6.10000000e-01  6.02970052e-01 
 1.68747600e-07  6.10000000e-01  6.03024873e-01 
 1.69847600e-07  6.10000000e-01  6.03079272e-01 
 1.70947600e-07  6.10000000e-01  6.03133299e-01 
 1.72047600e-07  6.10000000e-01  6.03186904e-01 
 1.73147600e-07  6.10000000e-01  6.03240137e-01 
 1.74247600e-07  6.10000000e-01  6.03292949e-01 
 1.75347600e-07  6.10000000e-01  6.03345389e-01 
 1.76447600e-07  6.10000000e-01  6.03397410e-01 
 1.77547600e-07  6.10000000e-01  6.03449061e-01 
 1.78647600e-07  6.10000000e-01  6.03500294e-01 
 1.79747600e-07  6.10000000e-01  6.03551161e-01 
 1.80847600e-07  6.10000000e-01  6.03601613e-01 
 1.81947600e-07  6.10000000e-01  6.03651701e-01 
 1.83047600e-07  6.10000000e-01  6.03701378e-01 
 1.84147600e-07  6.10000000e-01  6.03750695e-01 
 1.85247600e-07  6.10000000e-01  6.03799605e-01 
 1.86347600e-07  6.10000000e-01  6.03848159e-01 
 1.87447600e-07  6.10000000e-01  6.03896309e-01 
 1.88547600e-07  6.10000000e-01  6.03944108e-01 
 1.89647600e-07  6.10000000e-01  6.03991508e-01 
 1.90747600e-07  6.10000000e-01  6.04038561e-01 
 1.91847600e-07  6.10000000e-01  6.04085219e-01 
 1.92947600e-07  6.10000000e-01  6.04131535e-01 
 1.94047600e-07  6.10000000e-01  6.04177462e-01 
 1.95147600e-07  6.10000000e-01  6.04223051e-01 
 1.96247600e-07  6.10000000e-01  6.04268256e-01 
 1.97347600e-07  6.10000000e-01  6.04313128e-01 
 1.98447600e-07  6.10000000e-01  6.04357620e-01 
 1.99547600e-07  6.10000000e-01  6.04401785e-01 
 2.00647600e-07  6.10000000e-01  6.04445575e-01 
 2.01747600e-07  6.10000000e-01  6.04489042e-01 
 2.02847600e-07  6.10000000e-01  6.04532140e-01 
 2.03947600e-07  6.10000000e-01  6.04574920e-01 
 2.05047600e-07  6.10000000e-01  6.04617336e-01 
 2.06147600e-07  6.10000000e-01  6.04659439e-01 
 2.07247600e-07  6.10000000e-01  6.04701183e-01 
 2.08347600e-07  6.10000000e-01  6.04742619e-01 
 2.09447600e-07  6.10000000e-01  6.04783701e-01 
 2.10547600e-07  6.10000000e-01  6.04824480e-01 
 2.11647600e-07  6.10000000e-01  6.04864910e-01 
 2.12747600e-07  6.10000000e-01  6.04905042e-01 
 2.13847600e-07  6.10000000e-01  6.04944830e-01 
 2.14947600e-07  6.10000000e-01  6.04984325e-01 
 2.16047600e-07  6.10000000e-01  6.05023480e-01 
 2.17147600e-07  6.10000000e-01  6.05062348e-01 
 2.18247600e-07  6.10000000e-01  6.05100882e-01 
 2.19347600e-07  6.10000000e-01  6.05139132e-01 
 2.20447600e-07  6.10000000e-01  6.05177052e-01 
 2.21547600e-07  6.10000000e-01  6.05214695e-01 
 2.22647600e-07  6.10000000e-01  6.05252012e-01 
 2.23747600e-07  6.10000000e-01  6.05289056e-01 
 2.24847600e-07  6.10000000e-01  6.05325779e-01 
 2.25947600e-07  6.10000000e-01  6.05362234e-01 
 2.27047600e-07  6.10000000e-01  6.05398373e-01 
 2.28147600e-07  6.10000000e-01  6.05434248e-01 
 2.29247600e-07  6.10000000e-01  6.05469811e-01 
 2.30347600e-07  6.10000000e-01  6.05505115e-01 
 2.31447600e-07  6.10000000e-01  6.05540113e-01 
 2.32547600e-07  6.10000000e-01  6.05574855e-01 
 2.33647600e-07  6.10000000e-01  6.05609295e-01 
 2.34747600e-07  6.10000000e-01  6.05643485e-01 
 2.35847600e-07  6.10000000e-01  6.05677376e-01 
 2.36947600e-07  6.10000000e-01  6.05711021e-01 
 2.38047600e-07  6.10000000e-01  6.05744373e-01 
 2.39147600e-07  6.10000000e-01  6.05777483e-01 
 2.40247600e-07  6.10000000e-01  6.05810303e-01 
 2.41347600e-07  6.10000000e-01  6.05842886e-01 
 2.42447600e-07  6.10000000e-01  6.05875183e-01 
 2.43547600e-07  6.10000000e-01  6.05907247e-01 
 2.44647600e-07  6.10000000e-01  6.05939030e-01 
 2.45747600e-07  6.10000000e-01  6.05970583e-01 
 2.46847600e-07  6.10000000e-01  6.06001860e-01 
 2.47947600e-07  6.10000000e-01  6.06032911e-01 
 2.49047600e-07  6.10000000e-01  6.06063689e-01 
 2.50147600e-07  6.10000000e-01  6.06094245e-01 
 2.51247600e-07  6.10000000e-01  6.06124533e-01 
 2.52347600e-07  6.10000000e-01  6.06154603e-01 
 2.53447600e-07  6.10000000e-01  6.06184408e-01 
 2.54547600e-07  6.10000000e-01  6.06213999e-01 
 2.55647600e-07  6.10000000e-01  6.06243329e-01 
 2.56747600e-07  6.10000000e-01  6.06272449e-01 
 2.57847600e-07  6.10000000e-01  6.06301311e-01 
 2.58947600e-07  6.10000000e-01  6.06329967e-01 
 2.60047600e-07  6.10000000e-01  6.06358370e-01 
 2.61147600e-07  6.10000000e-01  6.06386569e-01 
 2.62247600e-07  6.10000000e-01  6.06414519e-01 
 2.63347600e-07  6.10000000e-01  6.06442270e-01 
 2.64447600e-07  6.10000000e-01  6.06469774e-01 
 2.65547600e-07  6.10000000e-01  6.06497083e-01 
 2.66647600e-07  6.10000000e-01  6.06524149e-01 
 2.67747600e-07  6.10000000e-01  6.06551023e-01 
 2.68847600e-07  6.10000000e-01  6.06577657e-01 
 2.69947600e-07  6.10000000e-01  6.06604103e-01 
 2.71047600e-07  6.10000000e-01  6.06630313e-01 
 2.72147600e-07  6.10000000e-01  6.06656338e-01 
 2.73247600e-07  6.10000000e-01  6.06682130e-01 
 2.74347600e-07  6.10000000e-01  6.06707740e-01 
 2.75447600e-07  6.10000000e-01  6.06733121e-01 
 2.76547600e-07  6.10000000e-01  6.06758323e-01 
 2.77647600e-07  6.10000000e-01  6.06783300e-01 
 2.78747600e-07  6.10000000e-01  6.06808101e-01 
 2.79847600e-07  6.10000000e-01  6.06832679e-01 
 2.80947600e-07  6.10000000e-01  6.06857085e-01 
 2.82047600e-07  6.10000000e-01  6.06881272e-01 
 2.83147600e-07  6.10000000e-01  6.06905289e-01 
 2.84247600e-07  6.10000000e-01  6.06929090e-01 
 2.85347600e-07  6.10000000e-01  6.06952725e-01 
 2.86447600e-07  6.10000000e-01  6.06976146e-01 
 2.87547600e-07  6.10000000e-01  6.06999405e-01 
 2.88647600e-07  6.10000000e-01  6.07022453e-01 
 2.89747600e-07  6.10000000e-01  6.07045341e-01 
 2.90847600e-07  6.10000000e-01  6.07068021e-01 
 2.91947600e-07  6.10000000e-01  6.07090545e-01 
 2.93047600e-07  6.10000000e-01  6.07112864e-01 
 2.94147600e-07  6.10000000e-01  6.07135029e-01 
 2.95247600e-07  6.10000000e-01  6.07156992e-01 
 2.96347600e-07  6.10000000e-01  6.07178804e-01 
 2.97447600e-07  6.10000000e-01  6.07200417e-01 
 2.98547600e-07  6.10000000e-01  6.07221882e-01 
 2.99647600e-07  6.10000000e-01  6.07243150e-01 
 3.00747600e-07  6.10000000e-01  6.07264273e-01 
 3.01847600e-07  6.10000000e-01  6.07285203e-01 
 3.02947600e-07  6.10000000e-01  6.07305989e-01 
 3.04047600e-07  6.10000000e-01  6.07326585e-01 
 3.05147600e-07  6.10000000e-01  6.07347040e-01 
 3.06247600e-07  6.10000000e-01  6.07367308e-01 
 3.07347600e-07  6.10000000e-01  6.07387437e-01 
 3.08447600e-07  6.10000000e-01  6.07407382e-01 
 3.09547600e-07  6.10000000e-01  6.07427191e-01 
 3.10647600e-07  6.10000000e-01  6.07446817e-01 
 3.11747600e-07  6.10000000e-01  6.07466311e-01 
 3.12847600e-07  6.10000000e-01  6.07485624e-01 
 3.13947600e-07  6.10000000e-01  6.07504808e-01 
 3.15047600e-07  6.10000000e-01  6.07523813e-01 
 3.16147600e-07  6.10000000e-01  6.07542691e-01 
 3.17247600e-07  6.10000000e-01  6.07561394e-01 
 3.18347600e-07  6.10000000e-01  6.07579971e-01 
 3.19447600e-07  6.10000000e-01  6.07598375e-01 
 3.20547600e-07  6.10000000e-01  6.07616657e-01 
 3.21647600e-07  6.10000000e-01  6.07634768e-01 
 3.22747600e-07  6.10000000e-01  6.07652758e-01 
 3.23847600e-07  6.10000000e-01  6.07670580e-01 
 3.24947600e-07  6.10000000e-01  6.07688284e-01 
 3.26047600e-07  6.10000000e-01  6.07705822e-01 
 3.27147600e-07  6.10000000e-01  6.07723244e-01 
 3.28247600e-07  6.10000000e-01  6.07740503e-01 
 3.29347600e-07  6.10000000e-01  6.07757647e-01 
 3.30447600e-07  6.10000000e-01  6.07774631e-01 
 3.31547600e-07  6.10000000e-01  6.07791502e-01 
 3.32647600e-07  6.10000000e-01  6.07808215e-01 
 3.33747600e-07  6.10000000e-01  6.07824818e-01 
 3.34847600e-07  6.10000000e-01  6.07841264e-01 
 3.35947600e-07  6.10000000e-01  6.07857603e-01 
 3.37047600e-07  6.10000000e-01  6.07873787e-01 
 3.38147600e-07  6.10000000e-01  6.07889866e-01 
 3.39247600e-07  6.10000000e-01  6.07905792e-01 
 3.40347600e-07  6.10000000e-01  6.07921614e-01 
 3.41447600e-07  6.10000000e-01  6.07937286e-01 
 3.42547600e-07  6.10000000e-01  6.07952857e-01 
 3.43647600e-07  6.10000000e-01  6.07968279e-01 
 3.44747600e-07  6.10000000e-01  6.07983602e-01 
 3.45847600e-07  6.10000000e-01  6.07998778e-01 
 3.46947600e-07  6.10000000e-01  6.08013857e-01 
 3.48047600e-07  6.10000000e-01  6.08028791e-01 
 3.49147600e-07  6.10000000e-01  6.08043630e-01 
 3.50247600e-07  6.10000000e-01  6.08058327e-01 
 3.51347600e-07  6.10000000e-01  6.08072929e-01 
 3.52447600e-07  6.10000000e-01  6.08087391e-01 
 3.53547600e-07  6.10000000e-01  6.08101761e-01 
 3.54647600e-07  6.10000000e-01  6.08115993e-01 
 3.55747600e-07  6.10000000e-01  6.08130134e-01 
 3.56847600e-07  6.10000000e-01  6.08144139e-01 
 3.57947600e-07  6.10000000e-01  6.08158055e-01 
 3.59047600e-07  6.10000000e-01  6.08171836e-01 
 3.60147600e-07  6.10000000e-01  6.08185531e-01 
 3.61247600e-07  6.10000000e-01  6.08199093e-01 
 3.62347600e-07  6.10000000e-01  6.08212570e-01 
 3.63447600e-07  6.10000000e-01  6.08225915e-01 
 3.64547600e-07  6.10000000e-01  6.08239177e-01 
 3.65647600e-07  6.10000000e-01  6.08252310e-01 
 3.66747600e-07  6.10000000e-01  6.08265361e-01 
 3.67847600e-07  6.10000000e-01  6.08278284e-01 
 3.68947600e-07  6.10000000e-01  6.08291128e-01 
 3.70047600e-07  6.10000000e-01  6.08303845e-01 
 3.71147600e-07  6.10000000e-01  6.08316484e-01 
 3.72247600e-07  6.10000000e-01  6.08328998e-01 
 3.73347600e-07  6.10000000e-01  6.08341436e-01 
 3.74447600e-07  6.10000000e-01  6.08353751e-01 
 3.75547600e-07  6.10000000e-01  6.08365991e-01 
 3.76647600e-07  6.10000000e-01  6.08378110e-01 
 3.77747600e-07  6.10000000e-01  6.08390155e-01 
 3.78847600e-07  6.10000000e-01  6.08402080e-01 
 3.79947600e-07  6.10000000e-01  6.08413934e-01 
 3.81047600e-07  6.10000000e-01  6.08425669e-01 
 3.82147600e-07  6.10000000e-01  6.08437334e-01 
 3.83247600e-07  6.10000000e-01  6.08448882e-01 
 3.84347600e-07  6.10000000e-01  6.08460361e-01 
 3.85447600e-07  6.10000000e-01  6.08471725e-01 
 3.86547600e-07  6.10000000e-01  6.08483022e-01 
 3.87647600e-07  6.10000000e-01  6.08494204e-01 
 3.88747600e-07  6.10000000e-01  6.08505321e-01 
 3.89847600e-07  6.10000000e-01  6.08516326e-01 
 3.90947600e-07  6.10000000e-01  6.08527266e-01 
 3.92047600e-07  6.10000000e-01  6.08538094e-01 
 3.93147600e-07  6.10000000e-01  6.08548861e-01 
 3.94247600e-07  6.10000000e-01  6.08559517e-01 
 3.95347600e-07  6.10000000e-01  6.08570111e-01 
 3.96447600e-07  6.10000000e-01  6.08580598e-01 
 3.97547600e-07  6.10000000e-01  6.08591024e-01 
 3.98647600e-07  6.10000000e-01  6.08601343e-01 
 3.99747600e-07  6.10000000e-01  6.08611603e-01 
 4.00847600e-07  6.10000000e-01  6.08621758e-01 
 4.01947600e-07  6.10000000e-01  6.08631855e-01 
 4.03047600e-07  6.10000000e-01  6.08641847e-01 
 4.04147600e-07  6.10000000e-01  6.08651784e-01 
 4.05247600e-07  6.10000000e-01  6.08661617e-01 
 4.06347600e-07  6.10000000e-01  6.08671395e-01 
 4.07447600e-07  6.10000000e-01  6.08681072e-01 
 4.08547600e-07  6.10000000e-01  6.08690695e-01 
 4.09647600e-07  6.10000000e-01  6.08700217e-01 
 4.10747600e-07  6.10000000e-01  6.08709687e-01 
 4.11847600e-07  6.10000000e-01  6.08719057e-01 
 4.12947600e-07  6.10000000e-01  6.08728376e-01 
 4.14047600e-07  6.10000000e-01  6.08737597e-01 
 4.15147600e-07  6.10000000e-01  6.08746768e-01 
 4.16247600e-07  6.10000000e-01  6.08755842e-01 
 4.17347600e-07  6.10000000e-01  6.08764867e-01 
 4.18447600e-07  6.10000000e-01  6.08773796e-01 
 4.19547600e-07  6.10000000e-01  6.08782677e-01 
 4.20647600e-07  6.10000000e-01  6.08791464e-01 
 4.21747600e-07  6.10000000e-01  6.08800204e-01 
 4.22847600e-07  6.10000000e-01  6.08808851e-01 
 4.23947600e-07  6.10000000e-01  6.08817452e-01 
 4.25047600e-07  6.10000000e-01  6.08825961e-01 
 4.26147600e-07  6.10000000e-01  6.08834425e-01 
 4.27247600e-07  6.10000000e-01  6.08842798e-01 
 4.28347600e-07  6.10000000e-01  6.08851128e-01 
 4.29447600e-07  6.10000000e-01  6.08859367e-01 
 4.30547600e-07  6.10000000e-01  6.08867565e-01 
 4.31647600e-07  6.10000000e-01  6.08875673e-01 
 4.32747600e-07  6.10000000e-01  6.08883740e-01 
 4.33847600e-07  6.10000000e-01  6.08891719e-01 
 4.34947600e-07  6.10000000e-01  6.08899657e-01 
 4.36047600e-07  6.10000000e-01  6.08907509e-01 
 4.37147600e-07  6.10000000e-01  6.08915321e-01 
 4.38247600e-07  6.10000000e-01  6.08923048e-01 
 4.39347600e-07  6.10000000e-01  6.08930736e-01 
 4.40447600e-07  6.10000000e-01  6.08938339e-01 
 4.41547600e-07  6.10000000e-01  6.08945905e-01 
 4.42647600e-07  6.10000000e-01  6.08953387e-01 
 4.43747600e-07  6.10000000e-01  6.08960832e-01 
 4.44847600e-07  6.10000000e-01  6.08968195e-01 
 4.45947600e-07  6.10000000e-01  6.08975522e-01 
 4.47047600e-07  6.10000000e-01  6.08982767e-01 
 4.48147600e-07  6.10000000e-01  6.08989978e-01 
 4.49247600e-07  6.10000000e-01  6.08997108e-01 
 4.50347600e-07  6.10000000e-01  6.09004204e-01 
 4.51447600e-07  6.10000000e-01  6.09011220e-01 
 4.52547600e-07  6.10000000e-01  6.09018203e-01 
 4.53647600e-07  6.10000000e-01  6.09025107e-01 
 4.54747600e-07  6.10000000e-01  6.09031979e-01 
 4.55847600e-07  6.10000000e-01  6.09038773e-01 
 4.56947600e-07  6.10000000e-01  6.09045536e-01 
 4.58047600e-07  6.10000000e-01  6.09052221e-01 
 4.59147600e-07  6.10000000e-01  6.09058877e-01 
 4.60247600e-07  6.10000000e-01  6.09065456e-01 
 4.61347600e-07  6.10000000e-01  6.09072005e-01 
 4.62447600e-07  6.10000000e-01  6.09078479e-01 
 4.63547600e-07  6.10000000e-01  6.09084925e-01 
 4.64647600e-07  6.10000000e-01  6.09091295e-01 
 4.65747600e-07  6.10000000e-01  6.09097639e-01 
 4.66847600e-07  6.10000000e-01  6.09103908e-01 
 4.67947600e-07  6.10000000e-01  6.09110150e-01 
 4.69047600e-07  6.10000000e-01  6.09116319e-01 
 4.70147600e-07  6.10000000e-01  6.09122462e-01 
 4.71247600e-07  6.10000000e-01  6.09128533e-01 
 4.72347600e-07  6.10000000e-01  6.09134578e-01 
 4.73447600e-07  6.10000000e-01  6.09140552e-01 
 4.74547600e-07  6.10000000e-01  6.09146501e-01 
 4.75647600e-07  6.10000000e-01  6.09152380e-01 
 4.76747600e-07  6.10000000e-01  6.09158235e-01 
 4.77847600e-07  6.10000000e-01  6.09164019e-01 
 4.78947600e-07  6.10000000e-01  6.09169781e-01 
 4.80047600e-07  6.10000000e-01  6.09175473e-01 
 4.81147600e-07  6.10000000e-01  6.09181144e-01 
 4.82247600e-07  6.10000000e-01  6.09186745e-01 
 4.83347600e-07  6.10000000e-01  6.09192325e-01 
 4.84447600e-07  6.10000000e-01  6.09197837e-01 
 4.85547600e-07  6.10000000e-01  6.09203329e-01 
 4.86647600e-07  6.10000000e-01  6.09208753e-01 
 4.87747600e-07  6.10000000e-01  6.09214157e-01 
 4.88847600e-07  6.10000000e-01  6.09219495e-01 
 4.89947600e-07  6.10000000e-01  6.09224814e-01 
 4.91047600e-07  6.10000000e-01  6.09230066e-01 
 4.92147600e-07  6.10000000e-01  6.09235300e-01 
 4.93247600e-07  6.10000000e-01  6.09240468e-01 
 4.94347600e-07  6.10000000e-01  6.09245619e-01 
 4.95447600e-07  6.10000000e-01  6.09250705e-01 
 4.96547600e-07  6.10000000e-01  6.09255774e-01 
 4.97647600e-07  6.10000000e-01  6.09260779e-01 
 4.98747600e-07  6.10000000e-01  6.09265768e-01 
 4.99847600e-07  6.10000000e-01  6.09270693e-01 
 5.00947600e-07  6.10000000e-01  6.09275602e-01 
 5.02047600e-07  6.10000000e-01  6.09280449e-01 
 5.03147600e-07  6.10000000e-01  6.09285280e-01 
 5.04247600e-07  6.10000000e-01  6.09290049e-01 
 5.05347600e-07  6.10000000e-01  6.09294804e-01 
 5.06447600e-07  6.10000000e-01  6.09299497e-01 
 5.07547600e-07  6.10000000e-01  6.09304176e-01 
 5.08647600e-07  6.10000000e-01  6.09308794e-01 
 5.09747600e-07  6.10000000e-01  6.09313398e-01 
 5.10847600e-07  6.10000000e-01  6.09317943e-01 
 5.11947600e-07  6.10000000e-01  6.09322474e-01 
 5.13047600e-07  6.10000000e-01  6.09326946e-01 
 5.14147600e-07  6.10000000e-01  6.09331406e-01 
 5.15247600e-07  6.10000000e-01  6.09335806e-01 
 5.16347600e-07  6.10000000e-01  6.09340195e-01 
 5.17447600e-07  6.10000000e-01  6.09344525e-01 
 5.18547600e-07  6.10000000e-01  6.09348844e-01 
 5.19647600e-07  6.10000000e-01  6.09353106e-01 
 5.20747600e-07  6.10000000e-01  6.09357356e-01 
 5.21847600e-07  6.10000000e-01  6.09361549e-01 
 5.22947600e-07  6.10000000e-01  6.09365732e-01 
 5.24047600e-07  6.10000000e-01  6.09369858e-01 
 5.25147600e-07  6.10000000e-01  6.09373975e-01 
 5.26247600e-07  6.10000000e-01  6.09378035e-01 
 5.27347600e-07  6.10000000e-01  6.09382087e-01 
 5.28447600e-07  6.10000000e-01  6.09386082e-01 
 5.29547600e-07  6.10000000e-01  6.09390069e-01 
 5.30647600e-07  6.10000000e-01  6.09394001e-01 
 5.31747600e-07  6.10000000e-01  6.09397924e-01 
 5.32847600e-07  6.10000000e-01  6.09401793e-01 
 5.33947600e-07  6.10000000e-01  6.09405655e-01 
 5.35047600e-07  6.10000000e-01  6.09409462e-01 
 5.36147600e-07  6.10000000e-01  6.09413262e-01 
 5.37247600e-07  6.10000000e-01  6.09417008e-01 
 5.38347600e-07  6.10000000e-01  6.09420748e-01 
 5.39447600e-07  6.10000000e-01  6.09424434e-01 
 5.40547600e-07  6.10000000e-01  6.09428115e-01 
 5.41647600e-07  6.10000000e-01  6.09431743e-01 
 5.42747600e-07  6.10000000e-01  6.09435365e-01 
 5.43847600e-07  6.10000000e-01  6.09438934e-01 
 5.44947600e-07  6.10000000e-01  6.09442499e-01 
 5.46047600e-07  6.10000000e-01  6.09446011e-01 
 5.47147600e-07  6.10000000e-01  6.09449519e-01 
 5.48247600e-07  6.10000000e-01  6.09452976e-01 
 5.49347600e-07  6.10000000e-01  6.09456428e-01 
 5.50447600e-07  6.10000000e-01  6.09459830e-01 
 5.51547600e-07  6.10000000e-01  6.09463227e-01 
 5.52647600e-07  6.10000000e-01  6.09466574e-01 
 5.53747600e-07  6.10000000e-01  6.09469918e-01 
 5.54847600e-07  6.10000000e-01  6.09473211e-01 
 5.55947600e-07  6.10000000e-01  6.09476502e-01 
 5.57047600e-07  6.10000000e-01  6.09479743e-01 
 5.58147600e-07  6.10000000e-01  6.09482981e-01 
 5.59247600e-07  6.10000000e-01  6.09486171e-01 
 5.60347600e-07  6.10000000e-01  6.09489358e-01 
 5.61447600e-07  6.10000000e-01  6.09492496e-01 
 5.62547600e-07  6.10000000e-01  6.09495632e-01 
 5.63647600e-07  6.10000000e-01  6.09498720e-01 
 5.64747600e-07  6.10000000e-01  6.09501807e-01 
 5.65847600e-07  6.10000000e-01  6.09504846e-01 
 5.66947600e-07  6.10000000e-01  6.09507884e-01 
 5.68047600e-07  6.10000000e-01  6.09510874e-01 
 5.69147600e-07  6.10000000e-01  6.09513863e-01 
 5.70247600e-07  6.10000000e-01  6.09516806e-01 
 5.71347600e-07  6.10000000e-01  6.09519748e-01 
 5.72447600e-07  6.10000000e-01  6.09522643e-01 
 5.73547600e-07  6.10000000e-01  6.09525539e-01 
 5.74647600e-07  6.10000000e-01  6.09528388e-01 
 5.75747600e-07  6.10000000e-01  6.09531238e-01 
 5.76847600e-07  6.10000000e-01  6.09534041e-01 
 5.77947600e-07  6.10000000e-01  6.09536846e-01 
 5.79047600e-07  6.10000000e-01  6.09539604e-01 
 5.80147600e-07  6.10000000e-01  6.09542364e-01 
 5.81247600e-07  6.10000000e-01  6.09545079e-01 
 5.82347600e-07  6.10000000e-01  6.09547795e-01 
 5.83447600e-07  6.10000000e-01  6.09550467e-01 
 5.84547600e-07  6.10000000e-01  6.09553140e-01 
 5.85647600e-07  6.10000000e-01  6.09555768e-01 
 5.86747600e-07  6.10000000e-01  6.09558399e-01 
 5.87847600e-07  6.10000000e-01  6.09560986e-01 
 5.88947600e-07  6.10000000e-01  6.09563575e-01 
 5.90047600e-07  6.10000000e-01  6.09566120e-01 
 5.91147600e-07  6.10000000e-01  6.09568668e-01 
 5.92247600e-07  6.10000000e-01  6.09571173e-01 
 5.93347600e-07  6.10000000e-01  6.09573680e-01 
 5.94447600e-07  6.10000000e-01  6.09576145e-01 
 5.95547600e-07  6.10000000e-01  6.09578613e-01 
 5.96647600e-07  6.10000000e-01  6.09581038e-01 
 5.97747600e-07  6.10000000e-01  6.09583467e-01 
 5.98847600e-07  6.10000000e-01  6.09585853e-01 
 5.99947600e-07  6.10000000e-01  6.09588243e-01 
 6.01047600e-07  6.10000000e-01  6.09590591e-01 
 6.02147600e-07  6.10000000e-01  6.09592944e-01 
 6.03247600e-07  6.10000000e-01  6.09595254e-01 
 6.04347600e-07  6.10000000e-01  6.09597570e-01 
 6.05447600e-07  6.10000000e-01  6.09599843e-01 
 6.06547600e-07  6.10000000e-01  6.09602122e-01 
 6.07647600e-07  6.10000000e-01  6.09604359e-01 
 6.08747600e-07  6.10000000e-01  6.09606601e-01 
 6.09847600e-07  6.10000000e-01  6.09608803e-01 
 6.10947600e-07  6.10000000e-01  6.09611010e-01 
 6.12047600e-07  6.10000000e-01  6.09613176e-01 
 6.13147600e-07  6.10000000e-01  6.09615348e-01 
 6.14247600e-07  6.10000000e-01  6.09617479e-01 
 6.15347600e-07  6.10000000e-01  6.09619617e-01 
 6.16447600e-07  6.10000000e-01  6.09621714e-01 
 6.17547600e-07  6.10000000e-01  6.09623818e-01 
 6.18647600e-07  6.10000000e-01  6.09625882e-01 
 6.19747600e-07  6.10000000e-01  6.09627953e-01 
 6.20847600e-07  6.10000000e-01  6.09629983e-01 
 6.21947600e-07  6.10000000e-01  6.09632021e-01 
 6.23047600e-07  6.10000000e-01  6.09634019e-01 
 6.24147600e-07  6.10000000e-01  6.09636025e-01 
 6.25247600e-07  6.10000000e-01  6.09637991e-01 
 6.26347600e-07  6.10000000e-01  6.09639965e-01 
 6.27447600e-07  6.10000000e-01  6.09641900e-01 
 6.28547600e-07  6.10000000e-01  6.09643842e-01 
 6.29647600e-07  6.10000000e-01  6.09645746e-01 
 6.30747600e-07  6.10000000e-01  6.09647658e-01 
 6.31847600e-07  6.10000000e-01  6.09649531e-01 
 6.32947600e-07  6.10000000e-01  6.09651413e-01 
 6.34047600e-07  6.10000000e-01  6.09653256e-01 
 6.35147600e-07  6.10000000e-01  6.09655108e-01 
 6.36247600e-07  6.10000000e-01  6.09656922e-01 
 6.37347600e-07  6.10000000e-01  6.09658744e-01 
 6.38447600e-07  6.10000000e-01  6.09660529e-01 
 6.39547600e-07  6.10000000e-01  6.09662322e-01 
 6.40647600e-07  6.10000000e-01  6.09664079e-01 
 6.41747600e-07  6.10000000e-01  6.09665844e-01 
 6.42847600e-07  6.10000000e-01  6.09667572e-01 
 6.43947600e-07  6.10000000e-01  6.09669309e-01 
 6.45047600e-07  6.10000000e-01  6.09671010e-01 
 6.46147600e-07  6.10000000e-01  6.09672719e-01 
 6.47247600e-07  6.10000000e-01  6.09674393e-01 
 6.48347600e-07  6.10000000e-01  6.09676075e-01 
 6.49447600e-07  6.10000000e-01  6.09677722e-01 
 6.50547600e-07  6.10000000e-01  6.09679378e-01 
 6.51647600e-07  6.10000000e-01  6.09680998e-01 
 6.52747600e-07  6.10000000e-01  6.09682628e-01 
 6.53847600e-07  6.10000000e-01  6.09684222e-01 
 6.54947600e-07  6.10000000e-01  6.09685826e-01 
 6.56047600e-07  6.10000000e-01  6.09687395e-01 
 6.57147600e-07  6.10000000e-01  6.09688973e-01 
 6.58247600e-07  6.10000000e-01  6.09690517e-01 
 6.59347600e-07  6.10000000e-01  6.09692071e-01 
 6.60447600e-07  6.10000000e-01  6.09693589e-01 
 6.61547600e-07  6.10000000e-01  6.09695119e-01 
 6.62647600e-07  6.10000000e-01  6.09696613e-01 
 6.63747600e-07  6.10000000e-01  6.09698118e-01 
 6.64847600e-07  6.10000000e-01  6.09699588e-01 
 6.65947600e-07  6.10000000e-01  6.09701070e-01 
 6.67047600e-07  6.10000000e-01  6.09702516e-01 
 6.68147600e-07  6.10000000e-01  6.09703974e-01 
 6.69247600e-07  6.10000000e-01  6.09705398e-01 
 6.70347600e-07  6.10000000e-01  6.09706833e-01 
 6.71447600e-07  6.10000000e-01  6.09708233e-01 
 6.72547600e-07  6.10000000e-01  6.09709646e-01 
 6.73647600e-07  6.10000000e-01  6.09711024e-01 
 6.74747600e-07  6.10000000e-01  6.09712414e-01 
 6.75847600e-07  6.10000000e-01  6.09713770e-01 
 6.76947600e-07  6.10000000e-01  6.09715138e-01 
 6.78047600e-07  6.10000000e-01  6.09716472e-01 
 6.79147600e-07  6.10000000e-01  6.09717819e-01 
 6.80247600e-07  6.10000000e-01  6.09719132e-01 
 6.81347600e-07  6.10000000e-01  6.09720457e-01 
 6.82447600e-07  6.10000000e-01  6.09721749e-01 
 6.83547600e-07  6.10000000e-01  6.09723053e-01 
 6.84647600e-07  6.10000000e-01  6.09724324e-01 
 6.85747600e-07  6.10000000e-01  6.09725608e-01 
 6.86847600e-07  6.10000000e-01  6.09726859e-01 
 6.87947600e-07  6.10000000e-01  6.09728122e-01 
 6.89047600e-07  6.10000000e-01  6.09729353e-01 
 6.90147600e-07  6.10000000e-01  6.09730596e-01 
 6.91247600e-07  6.10000000e-01  6.09731807e-01 
 6.92347600e-07  6.10000000e-01  6.09733031e-01 
 6.93447600e-07  6.10000000e-01  6.09734222e-01 
 6.94547600e-07  6.10000000e-01  6.09735427e-01 
 6.95647600e-07  6.10000000e-01  6.09736599e-01 
 6.96747600e-07  6.10000000e-01  6.09737785e-01 
 6.97847600e-07  6.10000000e-01  6.09738938e-01 
 6.98947600e-07  6.10000000e-01  6.09740105e-01 
 7.00047600e-07  6.10000000e-01  6.09741240e-01 
 7.01147600e-07  6.10000000e-01  6.09742389e-01 
 7.02247600e-07  6.10000000e-01  6.09743505e-01 
 7.03347600e-07  6.10000000e-01  6.09744636e-01 
 7.04447600e-07  6.10000000e-01  6.09745734e-01 
 7.05547600e-07  6.10000000e-01  6.09746847e-01 
 7.06647600e-07  6.10000000e-01  6.09747928e-01 
 7.07747600e-07  6.10000000e-01  6.09749023e-01 
 7.08847600e-07  6.10000000e-01  6.09750087e-01 
 7.09947600e-07  6.10000000e-01  6.09751164e-01 
 7.11047600e-07  6.10000000e-01  6.09752211e-01 
 7.12147600e-07  6.10000000e-01  6.09753272e-01 
 7.13247600e-07  6.10000000e-01  6.09754302e-01 
 7.14347600e-07  6.10000000e-01  6.09755346e-01 
 7.15447600e-07  6.10000000e-01  6.09756359e-01 
 7.16547600e-07  6.10000000e-01  6.09757387e-01 
 7.17647600e-07  6.10000000e-01  6.09758383e-01 
 7.18747600e-07  6.10000000e-01  6.09759395e-01 
 7.19847600e-07  6.10000000e-01  6.09760376e-01 
 7.20947600e-07  6.10000000e-01  6.09761371e-01 
 7.22047600e-07  6.10000000e-01  6.09762336e-01 
 7.23147600e-07  6.10000000e-01  6.09763316e-01 
 7.24247600e-07  6.10000000e-01  6.09764266e-01 
 7.25347600e-07  6.10000000e-01  6.09765230e-01 
 7.26447600e-07  6.10000000e-01  6.09766164e-01 
 7.27547600e-07  6.10000000e-01  6.09767114e-01 
 7.28647600e-07  6.10000000e-01  6.09768033e-01 
 7.29747600e-07  6.10000000e-01  6.09768967e-01 
 7.30847600e-07  6.10000000e-01  6.09769872e-01 
 7.31947600e-07  6.10000000e-01  6.09770791e-01 
 7.33047600e-07  6.10000000e-01  6.09771681e-01 
 7.34147600e-07  6.10000000e-01  6.09772586e-01 
 7.35247600e-07  6.10000000e-01  6.09773462e-01 
 7.36347600e-07  6.10000000e-01  6.09774353e-01 
 7.37447600e-07  6.10000000e-01  6.09775214e-01 
 7.38547600e-07  6.10000000e-01  6.09776091e-01 
 7.39647600e-07  6.10000000e-01  6.09776938e-01 
 7.40747600e-07  6.10000000e-01  6.09777802e-01 
 7.41847600e-07  6.10000000e-01  6.09778635e-01 
 7.42947600e-07  6.10000000e-01  6.09779485e-01 
 7.44047600e-07  6.10000000e-01  6.09780305e-01 
 7.45147600e-07  6.10000000e-01  6.09781142e-01 
 7.46247600e-07  6.10000000e-01  6.09781949e-01 
 7.47347600e-07  6.10000000e-01  6.09782772e-01 
 7.48447600e-07  6.10000000e-01  6.09783566e-01 
 7.49547600e-07  6.10000000e-01  6.09784376e-01 
 7.50647600e-07  6.10000000e-01  6.09785158e-01 
 7.51747600e-07  6.10000000e-01  6.09785955e-01 
 7.52847600e-07  6.10000000e-01  6.09786724e-01 
 7.53947600e-07  6.10000000e-01  6.09787509e-01 
 7.55047600e-07  6.10000000e-01  6.09788265e-01 
 7.56147600e-07  6.10000000e-01  6.09789038e-01 
 7.57247600e-07  6.10000000e-01  6.09789782e-01 
 7.58347600e-07  6.10000000e-01  6.09790542e-01 
 7.59447600e-07  6.10000000e-01  6.09791274e-01 
 7.60547600e-07  6.10000000e-01  6.09792023e-01 
 7.61647600e-07  6.10000000e-01  6.09792743e-01 
 7.62747600e-07  6.10000000e-01  6.09793480e-01 
 7.63847600e-07  6.10000000e-01  6.09794189e-01 
 7.64947600e-07  6.10000000e-01  6.09794914e-01 
 7.66047600e-07  6.10000000e-01  6.09795611e-01 
 7.67147600e-07  6.10000000e-01  6.09796325e-01 
 7.68247600e-07  6.10000000e-01  6.09797011e-01 
 7.69347600e-07  6.10000000e-01  6.09797714e-01 
 7.70447600e-07  6.10000000e-01  6.09798388e-01 
 7.71547600e-07  6.10000000e-01  6.09799080e-01 
 7.72647600e-07  6.10000000e-01  6.09799744e-01 
 7.73747600e-07  6.10000000e-01  6.09800425e-01 
 7.74847600e-07  6.10000000e-01  6.09801078e-01 
 7.75947600e-07  6.10000000e-01  6.09801748e-01 
 7.77047600e-07  6.10000000e-01  6.09802391e-01 
 7.78147600e-07  6.10000000e-01  6.09803051e-01 
 7.79247600e-07  6.10000000e-01  6.09803683e-01 
 7.80347600e-07  6.10000000e-01  6.09804332e-01 
 7.81447600e-07  6.10000000e-01  6.09804954e-01 
 7.82547600e-07  6.10000000e-01  6.09805593e-01 
 7.83647600e-07  6.10000000e-01  6.09806205e-01 
 7.84747600e-07  6.10000000e-01  6.09806834e-01 
 7.85847600e-07  6.10000000e-01  6.09807436e-01 
 7.86947600e-07  6.10000000e-01  6.09808056e-01 
 7.88047600e-07  6.10000000e-01  6.09808648e-01 
 7.89147600e-07  6.10000000e-01  6.09809258e-01 
 7.90247600e-07  6.10000000e-01  6.09809840e-01 
 7.91347600e-07  6.10000000e-01  6.09810441e-01 
 7.92447600e-07  6.10000000e-01  6.09811014e-01 
 7.93547600e-07  6.10000000e-01  6.09811604e-01 
 7.94647600e-07  6.10000000e-01  6.09812168e-01 
 7.95747600e-07  6.10000000e-01  6.09812750e-01 
 7.96847600e-07  6.10000000e-01  6.09813305e-01 
 7.97947600e-07  6.10000000e-01  6.09813877e-01 
 7.99047600e-07  6.10000000e-01  6.09814423e-01 
 8.00147600e-07  6.10000000e-01  6.09814986e-01 
 8.01247600e-07  6.10000000e-01  6.09815523e-01 
 8.02347600e-07  6.10000000e-01  6.09816078e-01 
 8.03447600e-07  6.10000000e-01  6.09816606e-01 
 8.04547600e-07  6.10000000e-01  6.09817152e-01 
 8.05647600e-07  6.10000000e-01  6.09817672e-01 
 8.06747600e-07  6.10000000e-01  6.09818209e-01 
 8.07847600e-07  6.10000000e-01  6.09818720e-01 
 8.08947600e-07  6.10000000e-01  6.09819250e-01 
 8.10047600e-07  6.10000000e-01  6.09819752e-01 
 8.11147600e-07  6.10000000e-01  6.09820273e-01 
 8.12247600e-07  6.10000000e-01  6.09820768e-01 
 8.13347600e-07  6.10000000e-01  6.09821281e-01 
 8.14447600e-07  6.10000000e-01  6.09821767e-01 
 8.15547600e-07  6.10000000e-01  6.09822272e-01 
 8.16647600e-07  6.10000000e-01  6.09822751e-01 
 8.17747600e-07  6.10000000e-01  6.09823248e-01 
 8.18847600e-07  6.10000000e-01  6.09823719e-01 
 8.19947600e-07  6.10000000e-01  6.09824208e-01 
 8.21047600e-07  6.10000000e-01  6.09824671e-01 
 8.22147600e-07  6.10000000e-01  6.09825153e-01 
 8.23247600e-07  6.10000000e-01  6.09825609e-01 
 8.24347600e-07  6.10000000e-01  6.09826083e-01 
 8.25447600e-07  6.10000000e-01  6.09826531e-01 
 8.26547600e-07  6.10000000e-01  6.09826998e-01 
 8.27647600e-07  6.10000000e-01  6.09827439e-01 
 8.28747600e-07  6.10000000e-01  6.09827898e-01 
 8.29847600e-07  6.10000000e-01  6.09828332e-01 
 8.30947600e-07  6.10000000e-01  6.09828784e-01 
 8.32047600e-07  6.10000000e-01  6.09829211e-01 
 8.33147600e-07  6.10000000e-01  6.09829656e-01 
 8.34247600e-07  6.10000000e-01  6.09830076e-01 
 8.35347600e-07  6.10000000e-01  6.09830515e-01 
 8.36447600e-07  6.10000000e-01  6.09830927e-01 
 8.37547600e-07  6.10000000e-01  6.09831359e-01 
 8.38647600e-07  6.10000000e-01  6.09831765e-01 
 8.39747600e-07  6.10000000e-01  6.09832190e-01 
 8.40847600e-07  6.10000000e-01  6.09832590e-01 
 8.41947600e-07  6.10000000e-01  6.09833008e-01 
 8.43047600e-07  6.10000000e-01  6.09833401e-01 
 8.44147600e-07  6.10000000e-01  6.09833813e-01 
 8.45247600e-07  6.10000000e-01  6.09834199e-01 
 8.46347600e-07  6.10000000e-01  6.09834605e-01 
 8.47447600e-07  6.10000000e-01  6.09834985e-01 
 8.48547600e-07  6.10000000e-01  6.09835384e-01 
 8.49647600e-07  6.10000000e-01  6.09835758e-01 
 8.50747600e-07  6.10000000e-01  6.09836151e-01 
 8.51847600e-07  6.10000000e-01  6.09836519e-01 
 8.52947600e-07  6.10000000e-01  6.09836906e-01 
 8.54047600e-07  6.10000000e-01  6.09837268e-01 
 8.55147600e-07  6.10000000e-01  6.09837649e-01 
 8.56247600e-07  6.10000000e-01  6.09838004e-01 
 8.57347600e-07  6.10000000e-01  6.09838380e-01 
 8.58447600e-07  6.10000000e-01  6.09838730e-01 
 8.59547600e-07  6.10000000e-01  6.09839099e-01 
 8.60647600e-07  6.10000000e-01  6.09839443e-01 
 8.61747600e-07  6.10000000e-01  6.09839807e-01 
 8.62847600e-07  6.10000000e-01  6.09840145e-01 
 8.63947600e-07  6.10000000e-01  6.09840503e-01 
 8.65047600e-07  6.10000000e-01  6.09840836e-01 
 8.66147600e-07  6.10000000e-01  6.09841189e-01 
 8.67247600e-07  6.10000000e-01  6.09841516e-01 
 8.68347600e-07  6.10000000e-01  6.09841864e-01 
 8.69447600e-07  6.10000000e-01  6.09842186e-01 
 8.70547600e-07  6.10000000e-01  6.09842527e-01 
 8.71647600e-07  6.10000000e-01  6.09842844e-01 
 8.72747600e-07  6.10000000e-01  6.09843181e-01 
 8.73847600e-07  6.10000000e-01  6.09843492e-01 
 8.74947600e-07  6.10000000e-01  6.09843824e-01 
 8.76047600e-07  6.10000000e-01  6.09844130e-01 
 8.77147600e-07  6.10000000e-01  6.09844456e-01 
 8.78247600e-07  6.10000000e-01  6.09844758e-01 
 8.79347600e-07  6.10000000e-01  6.09845079e-01 
 8.80447600e-07  6.10000000e-01  6.09845375e-01 
 8.81547600e-07  6.10000000e-01  6.09845692e-01 
 8.82647600e-07  6.10000000e-01  6.09845983e-01 
 8.83747600e-07  6.10000000e-01  6.09846294e-01 
 8.84847600e-07  6.10000000e-01  6.09846581e-01 
 8.85947600e-07  6.10000000e-01  6.09846888e-01 
 8.87047600e-07  6.10000000e-01  6.09847170e-01 
 8.88147600e-07  6.10000000e-01  6.09847472e-01 
 8.89247600e-07  6.10000000e-01  6.09847749e-01 
 8.90347600e-07  6.10000000e-01  6.09848046e-01 
 8.91447600e-07  6.10000000e-01  6.09848319e-01 
 8.92547600e-07  6.10000000e-01  6.09848612e-01 
 8.93647600e-07  6.10000000e-01  6.09848880e-01 
 8.94747600e-07  6.10000000e-01  6.09849168e-01 
 8.95847600e-07  6.10000000e-01  6.09849432e-01 
 8.96947600e-07  6.10000000e-01  6.09849716e-01 
 8.98047600e-07  6.10000000e-01  6.09849975e-01 
 8.99147600e-07  6.10000000e-01  6.09850255e-01 
 9.00247600e-07  6.10000000e-01  6.09850510e-01 
 9.01347600e-07  6.10000000e-01  6.09850785e-01 
 9.02447600e-07  6.10000000e-01  6.09851036e-01 
 9.03547600e-07  6.10000000e-01  6.09851307e-01 
 9.04647600e-07  6.10000000e-01  6.09851554e-01 
 9.05747600e-07  6.10000000e-01  6.09851821e-01 
 9.06847600e-07  6.10000000e-01  6.09852063e-01 
 9.07947600e-07  6.10000000e-01  6.09852326e-01 
 9.09047600e-07  6.10000000e-01  6.09852565e-01 
 9.10147600e-07  6.10000000e-01  6.09852823e-01 
 9.11247600e-07  6.10000000e-01  6.09853058e-01 
 9.12347600e-07  6.10000000e-01  6.09853313e-01 
 9.13447600e-07  6.10000000e-01  6.09853544e-01 
 9.14547600e-07  6.10000000e-01  6.09853794e-01 
 9.15647600e-07  6.10000000e-01  6.09854021e-01 
 9.16747600e-07  6.10000000e-01  6.09854268e-01 
 9.17847600e-07  6.10000000e-01  6.09854492e-01 
 9.18947600e-07  6.10000000e-01  6.09854735e-01 
 9.20047600e-07  6.10000000e-01  6.09854954e-01 
 9.21147600e-07  6.10000000e-01  6.09855194e-01 
 9.22247600e-07  6.10000000e-01  6.09855410e-01 
 9.23347600e-07  6.10000000e-01  6.09855646e-01 
 9.24447600e-07  6.10000000e-01  6.09855858e-01 
 9.25547600e-07  6.10000000e-01  6.09856090e-01 
 9.26647600e-07  6.10000000e-01  6.09856299e-01 
 9.27747600e-07  6.10000000e-01  6.09856528e-01 
 9.28847600e-07  6.10000000e-01  6.09856733e-01 
 9.29947600e-07  6.10000000e-01  6.09856958e-01 
 9.31047600e-07  6.10000000e-01  6.09857160e-01 
 9.32147600e-07  6.10000000e-01  6.09857382e-01 
 9.33247600e-07  6.10000000e-01  6.09857580e-01 
 9.34347600e-07  6.10000000e-01  6.09857799e-01 
 9.35447600e-07  6.10000000e-01  6.09857994e-01 
 9.36547600e-07  6.10000000e-01  6.09858209e-01 
 9.37647600e-07  6.10000000e-01  6.09858401e-01 
 9.38747600e-07  6.10000000e-01  6.09858613e-01 
 9.39847600e-07  6.10000000e-01  6.09858801e-01 
 9.40947600e-07  6.10000000e-01  6.09859010e-01 
 9.42047600e-07  6.10000000e-01  6.09859195e-01 
 9.43147600e-07  6.10000000e-01  6.09859401e-01 
 9.44247600e-07  6.10000000e-01  6.09859583e-01 
 9.45347600e-07  6.10000000e-01  6.09859786e-01 
 9.46447600e-07  6.10000000e-01  6.09859965e-01 
 9.47547600e-07  6.10000000e-01  6.09860164e-01 
 9.48647600e-07  6.10000000e-01  6.09860340e-01 
 9.49747600e-07  6.10000000e-01  6.09860537e-01 
 9.50847600e-07  6.10000000e-01  6.09860710e-01 
 9.51947600e-07  6.10000000e-01  6.09860904e-01 
 9.53047600e-07  6.10000000e-01  6.09861074e-01 
 9.54147600e-07  6.10000000e-01  6.09861264e-01 
 9.55247600e-07  6.10000000e-01  6.09861432e-01 
 9.56347600e-07  6.10000000e-01  6.09861620e-01 
 9.57447600e-07  6.10000000e-01  6.09861784e-01 
 9.58547600e-07  6.10000000e-01  6.09861969e-01 
 9.59647600e-07  6.10000000e-01  6.09862131e-01 
 9.60747600e-07  6.10000000e-01  6.09862313e-01 
 9.61847600e-07  6.10000000e-01  6.09862472e-01 
 9.62947600e-07  6.10000000e-01  6.09862651e-01 
 9.64047600e-07  6.10000000e-01  6.09862808e-01 
 9.65147600e-07  6.10000000e-01  6.09862984e-01 
 9.66247600e-07  6.10000000e-01  6.09863138e-01 
 9.67347600e-07  6.10000000e-01  6.09863312e-01 
 9.68447600e-07  6.10000000e-01  6.09863463e-01 
 9.69547600e-07  6.10000000e-01  6.09863635e-01 
 9.70647600e-07  6.10000000e-01  6.09863783e-01 
 9.71747600e-07  6.10000000e-01  6.09863952e-01 
 9.72847600e-07  6.10000000e-01  6.09864098e-01 
 9.73947600e-07  6.10000000e-01  6.09864264e-01 
 9.75047600e-07  6.10000000e-01  6.09864408e-01 
 9.76147600e-07  6.10000000e-01  6.09864572e-01 
 9.77247600e-07  6.10000000e-01  6.09864713e-01 
 9.78347600e-07  6.10000000e-01  6.09864874e-01 
 9.79447600e-07  6.10000000e-01  6.09865013e-01 
 9.80547600e-07  6.10000000e-01  6.09865172e-01 
 9.81647600e-07  6.10000000e-01  6.09865308e-01 
 9.82747600e-07  6.10000000e-01  6.09865465e-01 
 9.83847600e-07  6.10000000e-01  6.09865599e-01 
 9.84947600e-07  6.10000000e-01  6.09865753e-01 
 9.86047600e-07  6.10000000e-01  6.09865885e-01 
 9.87147600e-07  6.10000000e-01  6.09866037e-01 
 9.88247600e-07  6.10000000e-01  6.09866166e-01 
 9.89347600e-07  6.10000000e-01  6.09866316e-01 
 9.90447600e-07  6.10000000e-01  6.09866443e-01 
 9.91547600e-07  6.10000000e-01  6.09866591e-01 
 9.92647600e-07  6.10000000e-01  6.09866715e-01 
 9.93747600e-07  6.10000000e-01  6.09866861e-01 
 9.94847600e-07  6.10000000e-01  6.09866984e-01 
 9.95947600e-07  6.10000000e-01  6.09867127e-01 
 9.97047600e-07  6.10000000e-01  6.09867248e-01 
 9.98147600e-07  6.10000000e-01  6.09867389e-01 
 9.99247600e-07  6.10000000e-01  6.09867507e-01 
 1.00034760e-06  6.10000000e-01  6.09867646e-01 
 1.00144760e-06  6.10000000e-01  6.09867763e-01 
 1.00254760e-06  6.10000000e-01  6.09867900e-01 
 1.00364760e-06  6.10000000e-01  6.09868014e-01 
 1.00474760e-06  6.10000000e-01  6.09868149e-01 
 1.00584760e-06  6.10000000e-01  6.09868262e-01 
 1.00694760e-06  6.10000000e-01  6.09868395e-01 
 1.00804760e-06  6.10000000e-01  6.09868505e-01 
 1.00914760e-06  6.10000000e-01  6.09868637e-01 
 1.01024760e-06  6.10000000e-01  6.09868745e-01 
 1.01134760e-06  6.10000000e-01  6.09868874e-01 
 1.01244760e-06  6.10000000e-01  6.09868981e-01 
 1.01354760e-06  6.10000000e-01  6.09869108e-01 
 1.01464760e-06  6.10000000e-01  6.09869213e-01 
 1.01574760e-06  6.10000000e-01  6.09869339e-01 
 1.01684760e-06  6.10000000e-01  6.09869442e-01 
 1.01794760e-06  6.10000000e-01  6.09869565e-01 
 1.01904760e-06  6.10000000e-01  6.09869666e-01 
 1.02014760e-06  6.10000000e-01  6.09869788e-01 
 1.02124760e-06  6.10000000e-01  6.09869888e-01 
 1.02234760e-06  6.10000000e-01  6.09870008e-01 
 1.02344760e-06  6.10000000e-01  6.09870105e-01 
 1.02454760e-06  6.10000000e-01  6.09870224e-01 
 1.02564760e-06  6.10000000e-01  6.09870320e-01 
 1.02674760e-06  6.10000000e-01  6.09870436e-01 
 1.02784760e-06  6.10000000e-01  6.09870530e-01 
 1.02894760e-06  6.10000000e-01  6.09870645e-01 
 1.03004760e-06  6.10000000e-01  6.09870738e-01 
 1.03114760e-06  6.10000000e-01  6.09870851e-01 
 1.03224760e-06  6.10000000e-01  6.09870942e-01 
 1.03334760e-06  6.10000000e-01  6.09871054e-01 
 1.03444760e-06  6.10000000e-01  6.09871143e-01 
 1.03554760e-06  6.10000000e-01  6.09871253e-01 
 1.03664760e-06  6.10000000e-01  6.09871341e-01 
 1.03774760e-06  6.10000000e-01  6.09871449e-01 
 1.03884760e-06  6.10000000e-01  6.09871535e-01 
 1.03994760e-06  6.10000000e-01  6.09871642e-01 
 1.04104760e-06  6.10000000e-01  6.09871727e-01 
 1.04214760e-06  6.10000000e-01  6.09871832e-01 
 1.04324760e-06  6.10000000e-01  6.09871915e-01 
 1.04434760e-06  6.10000000e-01  6.09872019e-01 
 1.04544760e-06  6.10000000e-01  6.09872101e-01 
 1.04654760e-06  6.10000000e-01  6.09872203e-01 
 1.04764760e-06  6.10000000e-01  6.09872283e-01 
 1.04874760e-06  6.10000000e-01  6.09872384e-01 
 1.04984760e-06  6.10000000e-01  6.09872463e-01 
 1.05094760e-06  6.10000000e-01  6.09872562e-01 
 1.05204760e-06  6.10000000e-01  6.09872639e-01 
 1.05314760e-06  6.10000000e-01  6.09872737e-01 
 1.05424760e-06  6.10000000e-01  6.09872813e-01 
 1.05534760e-06  6.10000000e-01  6.09872910e-01 
 1.05644760e-06  6.10000000e-01  6.09872984e-01 
 1.05754760e-06  6.10000000e-01  6.09873080e-01 
 1.05864760e-06  6.10000000e-01  6.09873153e-01 
 1.05974760e-06  6.10000000e-01  6.09873247e-01 
 1.06084760e-06  6.10000000e-01  6.09873319e-01 
 1.06194760e-06  6.10000000e-01  6.09873411e-01 
 1.06304760e-06  6.10000000e-01  6.09873482e-01 
 1.06414760e-06  6.10000000e-01  6.09873573e-01 
 1.06524760e-06  6.10000000e-01  6.09873642e-01 
 1.06634760e-06  6.10000000e-01  6.09873732e-01 
 1.06744760e-06  6.10000000e-01  6.09873800e-01 
 1.06854760e-06  6.10000000e-01  6.09873889e-01 
 1.06964760e-06  6.10000000e-01  6.09873956e-01 
 1.07074760e-06  6.10000000e-01  6.09874043e-01 
 1.07184760e-06  6.10000000e-01  6.09874109e-01 
 1.07294760e-06  6.10000000e-01  6.09874195e-01 
 1.07404760e-06  6.10000000e-01  6.09874259e-01 
 1.07514760e-06  6.10000000e-01  6.09874344e-01 
 1.07624760e-06  6.10000000e-01  6.09874407e-01 
 1.07734760e-06  6.10000000e-01  6.09874491e-01 
 1.07844760e-06  6.10000000e-01  6.09874553e-01 
 1.07954760e-06  6.10000000e-01  6.09874636e-01 
 1.08064760e-06  6.10000000e-01  6.09874696e-01 
 1.08174760e-06  6.10000000e-01  6.09874778e-01 
 1.08284760e-06  6.10000000e-01  6.09874838e-01 
 1.08394760e-06  6.10000000e-01  6.09874918e-01 
 1.08504760e-06  6.10000000e-01  6.09874977e-01 
 1.08614760e-06  6.10000000e-01  6.09875056e-01 
 1.08724760e-06  6.10000000e-01  6.09875113e-01 
 1.08834760e-06  6.10000000e-01  6.09875192e-01 
 1.08944760e-06  6.10000000e-01  6.09875248e-01 
 1.09054760e-06  6.10000000e-01  6.09875325e-01 
 1.09164760e-06  6.10000000e-01  6.09875380e-01 
 1.09274760e-06  6.10000000e-01  6.09875456e-01 
 1.09384760e-06  6.10000000e-01  6.09875511e-01 
 1.09494760e-06  6.10000000e-01  6.09875586e-01 
 1.09604760e-06  6.10000000e-01  6.09875639e-01 
 1.09714760e-06  6.10000000e-01  6.09875713e-01 
 1.09824760e-06  6.10000000e-01  6.09875765e-01 
 1.09934760e-06  6.10000000e-01  6.09875838e-01 
 1.10000000e-06  6.10000000e-01  6.09875864e-01 
