 v-sweep         Vout           
 1.10000000e-04  5.81805876e-01 
 1.10010000e-04  5.81845615e-01 
 1.10020000e-04  5.81885345e-01 
 1.10030000e-04  5.81925084e-01 
 1.10040000e-04  5.81964954e-01 
 1.10050000e-04  5.82004656e-01 
 1.10060000e-04  5.82044545e-01 
 1.10070000e-04  5.82084279e-01 
 1.10080000e-04  5.82124149e-01 
 1.10090000e-04  5.82163880e-01 
 1.10100000e-04  5.82203623e-01 
 1.10110000e-04  5.82243483e-01 
 1.10120000e-04  5.82283234e-01 
 1.10130000e-04  5.82322894e-01 
 1.10140000e-04  5.82362755e-01 
 1.10150000e-04  5.82402663e-01 
 1.10160000e-04  5.82442321e-01 
 1.10170000e-04  5.82482027e-01 
 1.10180000e-04  5.82521940e-01 
 1.10190000e-04  5.82561669e-01 
 1.10200000e-04  5.82601439e-01 
 1.10210000e-04  5.82641230e-01 
 1.10220000e-04  5.82681096e-01 
 1.10230000e-04  5.82720705e-01 
 1.10240000e-04  5.82760629e-01 
 1.10250000e-04  5.82800436e-01 
 1.10260000e-04  5.82840306e-01 
 1.10270000e-04  5.82880159e-01 
 1.10280000e-04  5.82919979e-01 
 1.10290000e-04  5.82959799e-01 
 1.10300000e-04  5.82999465e-01 
 1.10310000e-04  5.83039361e-01 
 1.10320000e-04  5.83079229e-01 
 1.10330000e-04  5.83118924e-01 
 1.10340000e-04  5.83158698e-01 
 1.10350000e-04  5.83198637e-01 
 1.10360000e-04  5.83238477e-01 
 1.10370000e-04  5.83278113e-01 
 1.10380000e-04  5.83318010e-01 
 1.10390000e-04  5.83357889e-01 
 1.10400000e-04  5.83397672e-01 
 1.10410000e-04  5.83437394e-01 
 1.10420000e-04  5.83477261e-01 
 1.10430000e-04  5.83517012e-01 
 1.10440000e-04  5.83556887e-01 
 1.10450000e-04  5.83596679e-01 
 1.10460000e-04  5.83636386e-01 
 1.10470000e-04  5.83676311e-01 
 1.10480000e-04  5.83716007e-01 
 1.10490000e-04  5.83755949e-01 
 1.10500000e-04  5.83795674e-01 
 1.10510000e-04  5.83835545e-01 
 1.10520000e-04  5.83875298e-01 
 1.10530000e-04  5.83915062e-01 
 1.10540000e-04  5.83954927e-01 
 1.10550000e-04  5.83994703e-01 
 1.10560000e-04  5.84034766e-01 
 1.10570000e-04  5.84074529e-01 
 1.10580000e-04  5.84114333e-01 
 1.10590000e-04  5.84153986e-01 
 1.10600000e-04  5.84193919e-01 
 1.10610000e-04  5.84233778e-01 
 1.10620000e-04  5.84273654e-01 
 1.10630000e-04  5.84313430e-01 
 1.10640000e-04  5.84353297e-01 
 1.10650000e-04  5.84393254e-01 
 1.10660000e-04  5.84432857e-01 
 1.10670000e-04  5.84472752e-01 
 1.10680000e-04  5.84512718e-01 
 1.10690000e-04  5.84552311e-01 
 1.10700000e-04  5.84592193e-01 
 1.10710000e-04  5.84632119e-01 
 1.10720000e-04  5.84672011e-01 
 1.10730000e-04  5.84711634e-01 
 1.10740000e-04  5.84751519e-01 
 1.10750000e-04  5.84791461e-01 
 1.10760000e-04  5.84831048e-01 
 1.10770000e-04  5.84871021e-01 
 1.10780000e-04  5.84910904e-01 
 1.10790000e-04  5.84950788e-01 
 1.10800000e-04  5.84990454e-01 
 1.10810000e-04  5.85030313e-01 
 1.10820000e-04  5.85070241e-01 
 1.10830000e-04  5.85110111e-01 
 1.10840000e-04  5.85149828e-01 
 1.10850000e-04  5.85189881e-01 
 1.10860000e-04  5.85229682e-01 
 1.10870000e-04  5.85269485e-01 
 1.10880000e-04  5.85309354e-01 
 1.10890000e-04  5.85349127e-01 
 1.10900000e-04  5.85389195e-01 
 1.10910000e-04  5.85428975e-01 
 1.10920000e-04  5.85468932e-01 
 1.10930000e-04  5.85508740e-01 
 1.10940000e-04  5.85548476e-01 
 1.10950000e-04  5.85588359e-01 
 1.10960000e-04  5.85628151e-01 
 1.10970000e-04  5.85668068e-01 
 1.10980000e-04  5.85707913e-01 
 1.10990000e-04  5.85747716e-01 
 1.11000000e-04  5.85787606e-01 
 1.11010000e-04  5.85827385e-01 
 1.11020000e-04  5.85867346e-01 
 1.11030000e-04  5.85907121e-01 
 1.11040000e-04  5.85947096e-01 
 1.11050000e-04  5.85986830e-01 
 1.11060000e-04  5.86026611e-01 
 1.11070000e-04  5.86066589e-01 
 1.11080000e-04  5.86106479e-01 
 1.11090000e-04  5.86146132e-01 
 1.11100000e-04  5.86186121e-01 
 1.11110000e-04  5.86226039e-01 
 1.11120000e-04  5.86265862e-01 
 1.11130000e-04  5.86305609e-01 
 1.11140000e-04  5.86345743e-01 
 1.11150000e-04  5.86385635e-01 
 1.11160000e-04  5.86425313e-01 
 1.11170000e-04  5.86465259e-01 
 1.11180000e-04  5.86505364e-01 
 1.11190000e-04  5.86545073e-01 
 1.11200000e-04  5.86584956e-01 
 1.11210000e-04  5.86624868e-01 
 1.11220000e-04  5.86664862e-01 
 1.11230000e-04  5.86704541e-01 
 1.11240000e-04  5.86744424e-01 
 1.11250000e-04  5.86784410e-01 
 1.11260000e-04  5.86824112e-01 
 1.11270000e-04  5.86864031e-01 
 1.11280000e-04  5.86904031e-01 
 1.11290000e-04  5.86943854e-01 
 1.11300000e-04  5.86983654e-01 
 1.11310000e-04  5.87023571e-01 
 1.11320000e-04  5.87063495e-01 
 1.11330000e-04  5.87103222e-01 
 1.11340000e-04  5.87143179e-01 
 1.11350000e-04  5.87183102e-01 
 1.11360000e-04  5.87222897e-01 
 1.11370000e-04  5.87262776e-01 
 1.11380000e-04  5.87302742e-01 
 1.11390000e-04  5.87342519e-01 
 1.11400000e-04  5.87382512e-01 
 1.11410000e-04  5.87422300e-01 
 1.11420000e-04  5.87462285e-01 
 1.11430000e-04  5.87502245e-01 
 1.11440000e-04  5.87542043e-01 
 1.11450000e-04  5.87582209e-01 
 1.11460000e-04  5.87622037e-01 
 1.11470000e-04  5.87662015e-01 
 1.11480000e-04  5.87701800e-01 
 1.11490000e-04  5.87741649e-01 
 1.11500000e-04  5.87781588e-01 
 1.11510000e-04  5.87821471e-01 
 1.11520000e-04  5.87861403e-01 
 1.11530000e-04  5.87901219e-01 
 1.11540000e-04  5.87941214e-01 
 1.11550000e-04  5.87981050e-01 
 1.11560000e-04  5.88020883e-01 
 1.11570000e-04  5.88060880e-01 
 1.11580000e-04  5.88100710e-01 
 1.11590000e-04  5.88140495e-01 
 1.11600000e-04  5.88180457e-01 
 1.11610000e-04  5.88220503e-01 
 1.11620000e-04  5.88260163e-01 
 1.11630000e-04  5.88300125e-01 
 1.11640000e-04  5.88340133e-01 
 1.11650000e-04  5.88380154e-01 
 1.11660000e-04  5.88419890e-01 
 1.11670000e-04  5.88459847e-01 
 1.11680000e-04  5.88499782e-01 
 1.11690000e-04  5.88539490e-01 
 1.11700000e-04  5.88579441e-01 
 1.11710000e-04  5.88619467e-01 
 1.11720000e-04  5.88659488e-01 
 1.11730000e-04  5.88699397e-01 
 1.11740000e-04  5.88739455e-01 
 1.11750000e-04  5.88779468e-01 
 1.11760000e-04  5.88819174e-01 
 1.11770000e-04  5.88859091e-01 
 1.11780000e-04  5.88899157e-01 
 1.11790000e-04  5.88938960e-01 
 1.11800000e-04  5.88978850e-01 
 1.11810000e-04  5.89018826e-01 
 1.11820000e-04  5.89058697e-01 
 1.11830000e-04  5.89098542e-01 
 1.11840000e-04  5.89138566e-01 
 1.11850000e-04  5.89178541e-01 
 1.11860000e-04  5.89218419e-01 
 1.11870000e-04  5.89258249e-01 
 1.11880000e-04  5.89298314e-01 
 1.11890000e-04  5.89338153e-01 
 1.11900000e-04  5.89378068e-01 
 1.11910000e-04  5.89418023e-01 
 1.11920000e-04  5.89457839e-01 
 1.11930000e-04  5.89497892e-01 
 1.11940000e-04  5.89537768e-01 
 1.11950000e-04  5.89577694e-01 
 1.11960000e-04  5.89617575e-01 
 1.11970000e-04  5.89657614e-01 
 1.11980000e-04  5.89697524e-01 
 1.11990000e-04  5.89737315e-01 
 1.12000000e-04  5.89777367e-01 
 1.12010000e-04  5.89817480e-01 
 1.12020000e-04  5.89857439e-01 
 1.12030000e-04  5.89897410e-01 
 1.12040000e-04  5.89937414e-01 
 1.12050000e-04  5.89977137e-01 
 1.12060000e-04  5.90017148e-01 
 1.12070000e-04  5.90057213e-01 
 1.12080000e-04  5.90097103e-01 
 1.12090000e-04  5.90136889e-01 
 1.12100000e-04  5.90176982e-01 
 1.12110000e-04  5.90216947e-01 
 1.12120000e-04  5.90256711e-01 
 1.12130000e-04  5.90296720e-01 
 1.12140000e-04  5.90336740e-01 
 1.12150000e-04  5.90376545e-01 
 1.12160000e-04  5.90416556e-01 
 1.12170000e-04  5.90456568e-01 
 1.12180000e-04  5.90496588e-01 
 1.12190000e-04  5.90536382e-01 
 1.12200000e-04  5.90576352e-01 
 1.12210000e-04  5.90616414e-01 
 1.12220000e-04  5.90656149e-01 
 1.12230000e-04  5.90696175e-01 
 1.12240000e-04  5.90736234e-01 
 1.12250000e-04  5.90776101e-01 
 1.12260000e-04  5.90816001e-01 
 1.12270000e-04  5.90856031e-01 
 1.12280000e-04  5.90896030e-01 
 1.12290000e-04  5.90936121e-01 
 1.12300000e-04  5.90976138e-01 
 1.12310000e-04  5.91016185e-01 
 1.12320000e-04  5.91056115e-01 
 1.12330000e-04  5.91095952e-01 
 1.12340000e-04  5.91135986e-01 
 1.12350000e-04  5.91175939e-01 
 1.12360000e-04  5.91215940e-01 
 1.12370000e-04  5.91255835e-01 
 1.12380000e-04  5.91295891e-01 
 1.12390000e-04  5.91335819e-01 
 1.12400000e-04  5.91375682e-01 
 1.12410000e-04  5.91415738e-01 
 1.12420000e-04  5.91455662e-01 
 1.12430000e-04  5.91495681e-01 
 1.12440000e-04  5.91535636e-01 
 1.12450000e-04  5.91575503e-01 
 1.12460000e-04  5.91615574e-01 
 1.12470000e-04  5.91655605e-01 
 1.12480000e-04  5.91695526e-01 
 1.12490000e-04  5.91735416e-01 
 1.12500000e-04  5.91775468e-01 
 1.12510000e-04  5.91815362e-01 
 1.12520000e-04  5.91855316e-01 
 1.12530000e-04  5.91895366e-01 
 1.12540000e-04  5.91935408e-01 
 1.12550000e-04  5.91975192e-01 
 1.12560000e-04  5.92015406e-01 
 1.12570000e-04  5.92055436e-01 
 1.12580000e-04  5.92095387e-01 
 1.12590000e-04  5.92135452e-01 
 1.12600000e-04  5.92175552e-01 
 1.12610000e-04  5.92215572e-01 
 1.12620000e-04  5.92255344e-01 
 1.12630000e-04  5.92295396e-01 
 1.12640000e-04  5.92335520e-01 
 1.12650000e-04  5.92375300e-01 
 1.12660000e-04  5.92415340e-01 
 1.12670000e-04  5.92455444e-01 
 1.12680000e-04  5.92495312e-01 
 1.12690000e-04  5.92535240e-01 
 1.12700000e-04  5.92575308e-01 
 1.12710000e-04  5.92615374e-01 
 1.12720000e-04  5.92655157e-01 
 1.12730000e-04  5.92695269e-01 
 1.12740000e-04  5.92735299e-01 
 1.12750000e-04  5.92775295e-01 
 1.12760000e-04  5.92815169e-01 
 1.12770000e-04  5.92855238e-01 
 1.12780000e-04  5.92895238e-01 
 1.12790000e-04  5.92935252e-01 
 1.12800000e-04  5.92975234e-01 
 1.12810000e-04  5.93015304e-01 
 1.12820000e-04  5.93055220e-01 
 1.12830000e-04  5.93095150e-01 
 1.12840000e-04  5.93135450e-01 
 1.12850000e-04  5.93175377e-01 
 1.12860000e-04  5.93215430e-01 
 1.12870000e-04  5.93255552e-01 
 1.12880000e-04  5.93295462e-01 
 1.12890000e-04  5.93335497e-01 
 1.12900000e-04  5.93375519e-01 
 1.12910000e-04  5.93415579e-01 
 1.12920000e-04  5.93455543e-01 
 1.12930000e-04  5.93495605e-01 
 1.12940000e-04  5.93535592e-01 
 1.12950000e-04  5.93575473e-01 
 1.12960000e-04  5.93615658e-01 
 1.12970000e-04  5.93655641e-01 
 1.12980000e-04  5.93695540e-01 
 1.12990000e-04  5.93735613e-01 
 1.13000000e-04  5.93775727e-01 
 1.13010000e-04  5.93815671e-01 
 1.13020000e-04  5.93855666e-01 
 1.13030000e-04  5.93895706e-01 
 1.13040000e-04  5.93935686e-01 
 1.13050000e-04  5.93975664e-01 
 1.13060000e-04  5.94015784e-01 
 1.13070000e-04  5.94055810e-01 
 1.13080000e-04  5.94095650e-01 
 1.13090000e-04  5.94135745e-01 
 1.13100000e-04  5.94175833e-01 
 1.13110000e-04  5.94215946e-01 
 1.13120000e-04  5.94255938e-01 
 1.13130000e-04  5.94295975e-01 
 1.13140000e-04  5.94336137e-01 
 1.13150000e-04  5.94375952e-01 
 1.13160000e-04  5.94416116e-01 
 1.13170000e-04  5.94456348e-01 
 1.13180000e-04  5.94496304e-01 
 1.13190000e-04  5.94536243e-01 
 1.13200000e-04  5.94576419e-01 
 1.13210000e-04  5.94616380e-01 
 1.13220000e-04  5.94656324e-01 
 1.13230000e-04  5.94696502e-01 
 1.13240000e-04  5.94736594e-01 
 1.13250000e-04  5.94776518e-01 
 1.13260000e-04  5.94816543e-01 
 1.13270000e-04  5.94856613e-01 
 1.13280000e-04  5.94896614e-01 
 1.13290000e-04  5.94936692e-01 
 1.13300000e-04  5.94976670e-01 
 1.13310000e-04  5.95016855e-01 
 1.13320000e-04  5.95056818e-01 
 1.13330000e-04  5.95096851e-01 
 1.13340000e-04  5.95136861e-01 
 1.13350000e-04  5.95176934e-01 
 1.13360000e-04  5.95217007e-01 
 1.13370000e-04  5.95256995e-01 
 1.13380000e-04  5.95297042e-01 
 1.13390000e-04  5.95337118e-01 
 1.13400000e-04  5.95377261e-01 
 1.13410000e-04  5.95417404e-01 
 1.13420000e-04  5.95457404e-01 
 1.13430000e-04  5.95497511e-01 
 1.13440000e-04  5.95537541e-01 
 1.13450000e-04  5.95577607e-01 
 1.13460000e-04  5.95617784e-01 
 1.13470000e-04  5.95657798e-01 
 1.13480000e-04  5.95697817e-01 
 1.13490000e-04  5.95737897e-01 
 1.13500000e-04  5.95778002e-01 
 1.13510000e-04  5.95817852e-01 
 1.13520000e-04  5.95858049e-01 
 1.13530000e-04  5.95898165e-01 
 1.13540000e-04  5.95938188e-01 
 1.13550000e-04  5.95978134e-01 
 1.13560000e-04  5.96018333e-01 
 1.13570000e-04  5.96058451e-01 
 1.13580000e-04  5.96098365e-01 
 1.13590000e-04  5.96138498e-01 
 1.13600000e-04  5.96178639e-01 
 1.13610000e-04  5.96218496e-01 
 1.13620000e-04  5.96258616e-01 
 1.13630000e-04  5.96298790e-01 
 1.13640000e-04  5.96338939e-01 
 1.13650000e-04  5.96378787e-01 
 1.13660000e-04  5.96418946e-01 
 1.13670000e-04  5.96459266e-01 
 1.13680000e-04  5.96499084e-01 
 1.13690000e-04  5.96539302e-01 
 1.13700000e-04  5.96579438e-01 
 1.13710000e-04  5.96619452e-01 
 1.13720000e-04  5.96659412e-01 
 1.13730000e-04  5.96699587e-01 
 1.13740000e-04  5.96739870e-01 
 1.13750000e-04  5.96779931e-01 
 1.13760000e-04  5.96819994e-01 
 1.13770000e-04  5.96860130e-01 
 1.13780000e-04  5.96900089e-01 
 1.13790000e-04  5.96940196e-01 
 1.13800000e-04  5.96980324e-01 
 1.13810000e-04  5.97020375e-01 
 1.13820000e-04  5.97060494e-01 
 1.13830000e-04  5.97100528e-01 
 1.13840000e-04  5.97140680e-01 
 1.13850000e-04  5.97180717e-01 
 1.13860000e-04  5.97220707e-01 
 1.13870000e-04  5.97260906e-01 
 1.13880000e-04  5.97300986e-01 
 1.13890000e-04  5.97341054e-01 
 1.13900000e-04  5.97381089e-01 
 1.13910000e-04  5.97421107e-01 
 1.13920000e-04  5.97461285e-01 
 1.13930000e-04  5.97501295e-01 
 1.13940000e-04  5.97541531e-01 
 1.13950000e-04  5.97581686e-01 
 1.13960000e-04  5.97621867e-01 
 1.13970000e-04  5.97661930e-01 
 1.13980000e-04  5.97701923e-01 
 1.13990000e-04  5.97742075e-01 
 1.14000000e-04  5.97782140e-01 
 1.14010000e-04  5.97822181e-01 
 1.14020000e-04  5.97862383e-01 
 1.14030000e-04  5.97902634e-01 
 1.14040000e-04  5.97942538e-01 
 1.14050000e-04  5.97982766e-01 
 1.14060000e-04  5.98022978e-01 
 1.14070000e-04  5.98063136e-01 
 1.14080000e-04  5.98103011e-01 
 1.14090000e-04  5.98143239e-01 
 1.14100000e-04  5.98183386e-01 
 1.14110000e-04  5.98223342e-01 
 1.14120000e-04  5.98263479e-01 
 1.14130000e-04  5.98303688e-01 
 1.14140000e-04  5.98343819e-01 
 1.14150000e-04  5.98383838e-01 
 1.14160000e-04  5.98423980e-01 
 1.14170000e-04  5.98464236e-01 
 1.14180000e-04  5.98504135e-01 
 1.14190000e-04  5.98544343e-01 
 1.14200000e-04  5.98584474e-01 
 1.14210000e-04  5.98624577e-01 
 1.14220000e-04  5.98664620e-01 
 1.14230000e-04  5.98704996e-01 
 1.14240000e-04  5.98745040e-01 
 1.14250000e-04  5.98785221e-01 
 1.14260000e-04  5.98825292e-01 
 1.14270000e-04  5.98865478e-01 
 1.14280000e-04  5.98905552e-01 
 1.14290000e-04  5.98945599e-01 
 1.14300000e-04  5.98985836e-01 
 1.14310000e-04  5.99025962e-01 
 1.14320000e-04  5.99066260e-01 
 1.14330000e-04  5.99106314e-01 
 1.14340000e-04  5.99146344e-01 
 1.14350000e-04  5.99186629e-01 
 1.14360000e-04  5.99226654e-01 
 1.14370000e-04  5.99266900e-01 
 1.14380000e-04  5.99306951e-01 
 1.14390000e-04  5.99347213e-01 
 1.14400000e-04  5.99387355e-01 
 1.14410000e-04  5.99427422e-01 
 1.14420000e-04  5.99467658e-01 
 1.14430000e-04  5.99507649e-01 
 1.14440000e-04  5.99547718e-01 
 1.14450000e-04  5.99587964e-01 
 1.14460000e-04  5.99628239e-01 
 1.14470000e-04  5.99668158e-01 
 1.14480000e-04  5.99708316e-01 
 1.14490000e-04  5.99748529e-01 
 1.14500000e-04  5.99788927e-01 
 1.14510000e-04  5.99828879e-01 
 1.14520000e-04  5.99869134e-01 
 1.14530000e-04  5.99909341e-01 
 1.14540000e-04  5.99949303e-01 
 1.14550000e-04  5.99989529e-01 
 1.14560000e-04  6.00029719e-01 
 1.14570000e-04  6.00069718e-01 
 1.14580000e-04  6.00109957e-01 
 1.14590000e-04  6.00150133e-01 
 1.14600000e-04  6.00190387e-01 
 1.14610000e-04  6.00230475e-01 
 1.14620000e-04  6.00270728e-01 
 1.14630000e-04  6.00310959e-01 
 1.14640000e-04  6.00351032e-01 
 1.14650000e-04  6.00391169e-01 
 1.14660000e-04  6.00431325e-01 
 1.14670000e-04  6.00471418e-01 
 1.14680000e-04  6.00511669e-01 
 1.14690000e-04  6.00551780e-01 
 1.14700000e-04  6.00592000e-01 
 1.14710000e-04  6.00632126e-01 
 1.14720000e-04  6.00672241e-01 
 1.14730000e-04  6.00712529e-01 
 1.14740000e-04  6.00752572e-01 
 1.14750000e-04  6.00792828e-01 
 1.14760000e-04  6.00832946e-01 
 1.14770000e-04  6.00873028e-01 
 1.14780000e-04  6.00913464e-01 
 1.14790000e-04  6.00953539e-01 
 1.14800000e-04  6.00993802e-01 
 1.14810000e-04  6.01033857e-01 
 1.14820000e-04  6.01074161e-01 
 1.14830000e-04  6.01114271e-01 
 1.14840000e-04  6.01154322e-01 
 1.14850000e-04  6.01194579e-01 
 1.14860000e-04  6.01234700e-01 
 1.14870000e-04  6.01274805e-01 
 1.14880000e-04  6.01315096e-01 
 1.14890000e-04  6.01355166e-01 
 1.14900000e-04  6.01395589e-01 
 1.14910000e-04  6.01435731e-01 
 1.14920000e-04  6.01475949e-01 
 1.14930000e-04  6.01516129e-01 
 1.14940000e-04  6.01556206e-01 
 1.14950000e-04  6.01596428e-01 
 1.14960000e-04  6.01636808e-01 
 1.14970000e-04  6.01676718e-01 
 1.14980000e-04  6.01717038e-01 
 1.14990000e-04  6.01757214e-01 
 1.15000000e-04  6.01797236e-01 
 1.15010000e-04  6.01837528e-01 
 1.15020000e-04  6.01877784e-01 
 1.15030000e-04  6.01918072e-01 
 1.15040000e-04  6.01958041e-01 
 1.15050000e-04  6.01998319e-01 
 1.15060000e-04  6.02038675e-01 
 1.15070000e-04  6.02078738e-01 
 1.15080000e-04  6.02118950e-01 
 1.15090000e-04  6.02159325e-01 
 1.15100000e-04  6.02199425e-01 
 1.15110000e-04  6.02239511e-01 
 1.15120000e-04  6.02279826e-01 
 1.15130000e-04  6.02320060e-01 
 1.15140000e-04  6.02360056e-01 
 1.15150000e-04  6.02400353e-01 
 1.15160000e-04  6.02440637e-01 
 1.15170000e-04  6.02480824e-01 
 1.15180000e-04  6.02520944e-01 
 1.15190000e-04  6.02561353e-01 
 1.15200000e-04  6.02601555e-01 
 1.15210000e-04  6.02641783e-01 
 1.15220000e-04  6.02681929e-01 
 1.15230000e-04  6.02722199e-01 
 1.15240000e-04  6.02762297e-01 
 1.15250000e-04  6.02802494e-01 
 1.15260000e-04  6.02842809e-01 
 1.15270000e-04  6.02882947e-01 
 1.15280000e-04  6.02923262e-01 
 1.15290000e-04  6.02963405e-01 
 1.15300000e-04  6.03003502e-01 
 1.15310000e-04  6.03043779e-01 
 1.15320000e-04  6.03084130e-01 
 1.15330000e-04  6.03124141e-01 
 1.15340000e-04  6.03164555e-01 
 1.15350000e-04  6.03204835e-01 
 1.15360000e-04  6.03244997e-01 
 1.15370000e-04  6.03285218e-01 
 1.15380000e-04  6.03325520e-01 
 1.15390000e-04  6.03365653e-01 
 1.15400000e-04  6.03405810e-01 
 1.15410000e-04  6.03446056e-01 
 1.15420000e-04  6.03486378e-01 
 1.15430000e-04  6.03526604e-01 
 1.15440000e-04  6.03566698e-01 
 1.15450000e-04  6.03607022e-01 
 1.15460000e-04  6.03647189e-01 
 1.15470000e-04  6.03687419e-01 
 1.15480000e-04  6.03727811e-01 
 1.15490000e-04  6.03768123e-01 
 1.15500000e-04  6.03808116e-01 
 1.15510000e-04  6.03848472e-01 
 1.15520000e-04  6.03888711e-01 
 1.15530000e-04  6.03928940e-01 
 1.15540000e-04  6.03969123e-01 
 1.15550000e-04  6.04009356e-01 
 1.15560000e-04  6.04049740e-01 
 1.15570000e-04  6.04089816e-01 
 1.15580000e-04  6.04130086e-01 
 1.15590000e-04  6.04170458e-01 
 1.15600000e-04  6.04210556e-01 
 1.15610000e-04  6.04250845e-01 
 1.15620000e-04  6.04291263e-01 
 1.15630000e-04  6.04331352e-01 
 1.15640000e-04  6.04371737e-01 
 1.15650000e-04  6.04411890e-01 
 1.15660000e-04  6.04452206e-01 
 1.15670000e-04  6.04492393e-01 
 1.15680000e-04  6.04532637e-01 
 1.15690000e-04  6.04572894e-01 
 1.15700000e-04  6.04613132e-01 
 1.15710000e-04  6.04653437e-01 
 1.15720000e-04  6.04693584e-01 
 1.15730000e-04  6.04733982e-01 
 1.15740000e-04  6.04774134e-01 
 1.15750000e-04  6.04814347e-01 
 1.15760000e-04  6.04854651e-01 
 1.15770000e-04  6.04895005e-01 
 1.15780000e-04  6.04935330e-01 
 1.15790000e-04  6.04975508e-01 
 1.15800000e-04  6.05015744e-01 
 1.15810000e-04  6.05056071e-01 
 1.15820000e-04  6.05096255e-01 
 1.15830000e-04  6.05136351e-01 
 1.15840000e-04  6.05176705e-01 
 1.15850000e-04  6.05217055e-01 
 1.15860000e-04  6.05257138e-01 
 1.15870000e-04  6.05297451e-01 
 1.15880000e-04  6.05337835e-01 
 1.15890000e-04  6.05378338e-01 
 1.15900000e-04  6.05418375e-01 
 1.15910000e-04  6.05458679e-01 
 1.15920000e-04  6.05499020e-01 
 1.15930000e-04  6.05539136e-01 
 1.15940000e-04  6.05579407e-01 
 1.15950000e-04  6.05619829e-01 
 1.15960000e-04  6.05660032e-01 
 1.15970000e-04  6.05700269e-01 
 1.15980000e-04  6.05740569e-01 
 1.15990000e-04  6.05780927e-01 
 1.16000000e-04  6.05821034e-01 
 1.16010000e-04  6.05861339e-01 
 1.16020000e-04  6.05901706e-01 
 1.16030000e-04  6.05941936e-01 
 1.16040000e-04  6.05982127e-01 
 1.16050000e-04  6.06022458e-01 
 1.16060000e-04  6.06062993e-01 
 1.16070000e-04  6.06103078e-01 
 1.16080000e-04  6.06143375e-01 
 1.16090000e-04  6.06183779e-01 
 1.16100000e-04  6.06224015e-01 
 1.16110000e-04  6.06264282e-01 
 1.16120000e-04  6.06304620e-01 
 1.16130000e-04  6.06344819e-01 
 1.16140000e-04  6.06385037e-01 
 1.16150000e-04  6.06425415e-01 
 1.16160000e-04  6.06465787e-01 
 1.16170000e-04  6.06506169e-01 
 1.16180000e-04  6.06546343e-01 
 1.16190000e-04  6.06586684e-01 
 1.16200000e-04  6.06627022e-01 
 1.16210000e-04  6.06667227e-01 
 1.16220000e-04  6.06707592e-01 
 1.16230000e-04  6.06747820e-01 
 1.16240000e-04  6.06788127e-01 
 1.16250000e-04  6.06828416e-01 
 1.16260000e-04  6.06868744e-01 
 1.16270000e-04  6.06909050e-01 
 1.16280000e-04  6.06949416e-01 
 1.16290000e-04  6.06989652e-01 
 1.16300000e-04  6.07029906e-01 
 1.16310000e-04  6.07070254e-01 
 1.16320000e-04  6.07110540e-01 
 1.16330000e-04  6.07150804e-01 
 1.16340000e-04  6.07191081e-01 
 1.16350000e-04  6.07231601e-01 
 1.16360000e-04  6.07271727e-01 
 1.16370000e-04  6.07312094e-01 
 1.16380000e-04  6.07352552e-01 
 1.16390000e-04  6.07392753e-01 
 1.16400000e-04  6.07432961e-01 
 1.16410000e-04  6.07473377e-01 
 1.16420000e-04  6.07513809e-01 
 1.16430000e-04  6.07553880e-01 
 1.16440000e-04  6.07594322e-01 
 1.16450000e-04  6.07634830e-01 
 1.16460000e-04  6.07674939e-01 
 1.16470000e-04  6.07715319e-01 
 1.16480000e-04  6.07755711e-01 
 1.16490000e-04  6.07796157e-01 
 1.16500000e-04  6.07836269e-01 
 1.16510000e-04  6.07876637e-01 
 1.16520000e-04  6.07917071e-01 
 1.16530000e-04  6.07957163e-01 
 1.16540000e-04  6.07997591e-01 
 1.16550000e-04  6.08037957e-01 
 1.16560000e-04  6.08078262e-01 
 1.16570000e-04  6.08118441e-01 
 1.16580000e-04  6.08158890e-01 
 1.16590000e-04  6.08199247e-01 
 1.16600000e-04  6.08239579e-01 
 1.16610000e-04  6.08279840e-01 
 1.16620000e-04  6.08320181e-01 
 1.16630000e-04  6.08360488e-01 
 1.16640000e-04  6.08400882e-01 
 1.16650000e-04  6.08441296e-01 
 1.16660000e-04  6.08481539e-01 
 1.16670000e-04  6.08522011e-01 
 1.16680000e-04  6.08562260e-01 
 1.16690000e-04  6.08602528e-01 
 1.16700000e-04  6.08642935e-01 
 1.16710000e-04  6.08683194e-01 
 1.16720000e-04  6.08723780e-01 
 1.16730000e-04  6.08764073e-01 
 1.16740000e-04  6.08804465e-01 
 1.16750000e-04  6.08844710e-01 
 1.16760000e-04  6.08885058e-01 
 1.16770000e-04  6.08925400e-01 
 1.16780000e-04  6.08965690e-01 
 1.16790000e-04  6.09006166e-01 
 1.16800000e-04  6.09046373e-01 
 1.16810000e-04  6.09086882e-01 
 1.16820000e-04  6.09127088e-01 
 1.16830000e-04  6.09167401e-01 
 1.16840000e-04  6.09207843e-01 
 1.16850000e-04  6.09248274e-01 
 1.16860000e-04  6.09288460e-01 
 1.16870000e-04  6.09328836e-01 
 1.16880000e-04  6.09369280e-01 
 1.16890000e-04  6.09409358e-01 
 1.16900000e-04  6.09449844e-01 
 1.16910000e-04  6.09490267e-01 
 1.16920000e-04  6.09530702e-01 
 1.16930000e-04  6.09571044e-01 
 1.16940000e-04  6.09611443e-01 
 1.16950000e-04  6.09651855e-01 
 1.16960000e-04  6.09692033e-01 
 1.16970000e-04  6.09732456e-01 
 1.16980000e-04  6.09772890e-01 
 1.16990000e-04  6.09813186e-01 
 1.17000000e-04  6.09853639e-01 
 1.17010000e-04  6.09894080e-01 
 1.17020000e-04  6.09934492e-01 
 1.17030000e-04  6.09974692e-01 
 1.17040000e-04  6.10015143e-01 
 1.17050000e-04  6.10055550e-01 
 1.17060000e-04  6.10095906e-01 
 1.17070000e-04  6.10136173e-01 
 1.17080000e-04  6.10176637e-01 
 1.17090000e-04  6.10216954e-01 
 1.17100000e-04  6.10257391e-01 
 1.17110000e-04  6.10297695e-01 
 1.17120000e-04  6.10338153e-01 
 1.17130000e-04  6.10378487e-01 
 1.17140000e-04  6.10418758e-01 
 1.17150000e-04  6.10459231e-01 
 1.17160000e-04  6.10499545e-01 
 1.17170000e-04  6.10539935e-01 
 1.17180000e-04  6.10580294e-01 
 1.17190000e-04  6.10620585e-01 
 1.17200000e-04  6.10661019e-01 
 1.17210000e-04  6.10701423e-01 
 1.17220000e-04  6.10741987e-01 
 1.17230000e-04  6.10782346e-01 
 1.17240000e-04  6.10822798e-01 
 1.17250000e-04  6.10863015e-01 
 1.17260000e-04  6.10903425e-01 
 1.17270000e-04  6.10943921e-01 
 1.17280000e-04  6.10984475e-01 
 1.17290000e-04  6.11024719e-01 
 1.17300000e-04  6.11065091e-01 
 1.17310000e-04  6.11105593e-01 
 1.17320000e-04  6.11145745e-01 
 1.17330000e-04  6.11186264e-01 
 1.17340000e-04  6.11226736e-01 
 1.17350000e-04  6.11267176e-01 
 1.17360000e-04  6.11307397e-01 
 1.17370000e-04  6.11347827e-01 
 1.17380000e-04  6.11388295e-01 
 1.17390000e-04  6.11428550e-01 
 1.17400000e-04  6.11468996e-01 
 1.17410000e-04  6.11509501e-01 
 1.17420000e-04  6.11549824e-01 
 1.17430000e-04  6.11590199e-01 
 1.17440000e-04  6.11630598e-01 
 1.17450000e-04  6.11671081e-01 
 1.17460000e-04  6.11711302e-01 
 1.17470000e-04  6.11751774e-01 
 1.17480000e-04  6.11792310e-01 
 1.17490000e-04  6.11832647e-01 
 1.17500000e-04  6.11872925e-01 
 1.17510000e-04  6.11913550e-01 
 1.17520000e-04  6.11953918e-01 
 1.17530000e-04  6.11994505e-01 
 1.17540000e-04  6.12034806e-01 
 1.17550000e-04  6.12075328e-01 
 1.17560000e-04  6.12115780e-01 
 1.17570000e-04  6.12156179e-01 
 1.17580000e-04  6.12196637e-01 
 1.17590000e-04  6.12236971e-01 
 1.17600000e-04  6.12277495e-01 
 1.17610000e-04  6.12317823e-01 
 1.17620000e-04  6.12358159e-01 
 1.17630000e-04  6.12398699e-01 
 1.17640000e-04  6.12439057e-01 
 1.17650000e-04  6.12479358e-01 
 1.17660000e-04  6.12519918e-01 
 1.17670000e-04  6.12560380e-01 
 1.17680000e-04  6.12600792e-01 
 1.17690000e-04  6.12641100e-01 
 1.17700000e-04  6.12681579e-01 
 1.17710000e-04  6.12722018e-01 
 1.17720000e-04  6.12762358e-01 
 1.17730000e-04  6.12802845e-01 
 1.17740000e-04  6.12843284e-01 
 1.17750000e-04  6.12883552e-01 
 1.17760000e-04  6.12924057e-01 
 1.17770000e-04  6.12964539e-01 
 1.17780000e-04  6.13004952e-01 
 1.17790000e-04  6.13045368e-01 
 1.17800000e-04  6.13085914e-01 
 1.17810000e-04  6.13126534e-01 
 1.17820000e-04  6.13166693e-01 
 1.17830000e-04  6.13207387e-01 
 1.17840000e-04  6.13247881e-01 
 1.17850000e-04  6.13288289e-01 
 1.17860000e-04  6.13328650e-01 
 1.17870000e-04  6.13369206e-01 
 1.17880000e-04  6.13409688e-01 
 1.17890000e-04  6.13449892e-01 
 1.17900000e-04  6.13490431e-01 
 1.17910000e-04  6.13530897e-01 
 1.17920000e-04  6.13571070e-01 
 1.17930000e-04  6.13611626e-01 
 1.17940000e-04  6.13652124e-01 
 1.17950000e-04  6.13692469e-01 
 1.17960000e-04  6.13732799e-01 
 1.17970000e-04  6.13773371e-01 
 1.17980000e-04  6.13813915e-01 
 1.17990000e-04  6.13854234e-01 
 1.18000000e-04  6.13894627e-01 
 1.18010000e-04  6.13935139e-01 
 1.18020000e-04  6.13975527e-01 
 1.18030000e-04  6.14016061e-01 
 1.18040000e-04  6.14056474e-01 
 1.18050000e-04  6.14096897e-01 
 1.18060000e-04  6.14137431e-01 
 1.18070000e-04  6.14177867e-01 
 1.18080000e-04  6.14218378e-01 
 1.18090000e-04  6.14258879e-01 
 1.18100000e-04  6.14299386e-01 
 1.18110000e-04  6.14340007e-01 
 1.18120000e-04  6.14380344e-01 
 1.18130000e-04  6.14420939e-01 
 1.18140000e-04  6.14461317e-01 
 1.18150000e-04  6.14501640e-01 
 1.18160000e-04  6.14542210e-01 
 1.18170000e-04  6.14582748e-01 
 1.18180000e-04  6.14622998e-01 
 1.18190000e-04  6.14663520e-01 
 1.18200000e-04  6.14704077e-01 
 1.18210000e-04  6.14744573e-01 
 1.18220000e-04  6.14784914e-01 
 1.18230000e-04  6.14825533e-01 
 1.18240000e-04  6.14866053e-01 
 1.18250000e-04  6.14906350e-01 
 1.18260000e-04  6.14946868e-01 
 1.18270000e-04  6.14987385e-01 
 1.18280000e-04  6.15027711e-01 
 1.18290000e-04  6.15068186e-01 
 1.18300000e-04  6.15108804e-01 
 1.18310000e-04  6.15149326e-01 
 1.18320000e-04  6.15189560e-01 
 1.18330000e-04  6.15230172e-01 
 1.18340000e-04  6.15270717e-01 
 1.18350000e-04  6.15310996e-01 
 1.18360000e-04  6.15351513e-01 
 1.18370000e-04  6.15392134e-01 
 1.18380000e-04  6.15432815e-01 
 1.18390000e-04  6.15473217e-01 
 1.18400000e-04  6.15513833e-01 
 1.18410000e-04  6.15554317e-01 
 1.18420000e-04  6.15594799e-01 
 1.18430000e-04  6.15635310e-01 
 1.18440000e-04  6.15675834e-01 
 1.18450000e-04  6.15716257e-01 
 1.18460000e-04  6.15756691e-01 
 1.18470000e-04  6.15797245e-01 
 1.18480000e-04  6.15837668e-01 
 1.18490000e-04  6.15878193e-01 
 1.18500000e-04  6.15918693e-01 
 1.18510000e-04  6.15959105e-01 
 1.18520000e-04  6.15999733e-01 
 1.18530000e-04  6.16040293e-01 
 1.18540000e-04  6.16080663e-01 
 1.18550000e-04  6.16121159e-01 
 1.18560000e-04  6.16161681e-01 
 1.18570000e-04  6.16202141e-01 
 1.18580000e-04  6.16242609e-01 
 1.18590000e-04  6.16283123e-01 
 1.18600000e-04  6.16323726e-01 
 1.18610000e-04  6.16364023e-01 
 1.18620000e-04  6.16404641e-01 
 1.18630000e-04  6.16445192e-01 
 1.18640000e-04  6.16485591e-01 
 1.18650000e-04  6.16526072e-01 
 1.18660000e-04  6.16566790e-01 
 1.18670000e-04  6.16607382e-01 
 1.18680000e-04  6.16647848e-01 
 1.18690000e-04  6.16688399e-01 
 1.18700000e-04  6.16728977e-01 
 1.18710000e-04  6.16769363e-01 
 1.18720000e-04  6.16809946e-01 
 1.18730000e-04  6.16850459e-01 
 1.18740000e-04  6.16890962e-01 
 1.18750000e-04  6.16931389e-01 
 1.18760000e-04  6.16971967e-01 
 1.18770000e-04  6.17012582e-01 
 1.18780000e-04  6.17052886e-01 
 1.18790000e-04  6.17093525e-01 
 1.18800000e-04  6.17134101e-01 
 1.18810000e-04  6.17174565e-01 
 1.18820000e-04  6.17215076e-01 
 1.18830000e-04  6.17255628e-01 
 1.18840000e-04  6.17296102e-01 
 1.18850000e-04  6.17336677e-01 
 1.18860000e-04  6.17377224e-01 
 1.18870000e-04  6.17417763e-01 
 1.18880000e-04  6.17458265e-01 
 1.18890000e-04  6.17498738e-01 
 1.18900000e-04  6.17539404e-01 
 1.18910000e-04  6.17579776e-01 
 1.18920000e-04  6.17620445e-01 
 1.18930000e-04  6.17660909e-01 
 1.18940000e-04  6.17701575e-01 
 1.18950000e-04  6.17742093e-01 
 1.18960000e-04  6.17782739e-01 
 1.18970000e-04  6.17823376e-01 
 1.18980000e-04  6.17863770e-01 
 1.18990000e-04  6.17904428e-01 
 1.19000000e-04  6.17944912e-01 
 1.19010000e-04  6.17985381e-01 
 1.19020000e-04  6.18025927e-01 
 1.19030000e-04  6.18066446e-01 
 1.19040000e-04  6.18106973e-01 
 1.19050000e-04  6.18147493e-01 
 1.19060000e-04  6.18188157e-01 
 1.19070000e-04  6.18228645e-01 
 1.19080000e-04  6.18269107e-01 
 1.19090000e-04  6.18309715e-01 
 1.19100000e-04  6.18350206e-01 
 1.19110000e-04  6.18390737e-01 
 1.19120000e-04  6.18431331e-01 
 1.19130000e-04  6.18471999e-01 
 1.19140000e-04  6.18512290e-01 
 1.19150000e-04  6.18552917e-01 
 1.19160000e-04  6.18593592e-01 
 1.19170000e-04  6.18634164e-01 
 1.19180000e-04  6.18674547e-01 
 1.19190000e-04  6.18715145e-01 
 1.19200000e-04  6.18755810e-01 
 1.19210000e-04  6.18796271e-01 
 1.19220000e-04  6.18836904e-01 
 1.19230000e-04  6.18877596e-01 
 1.19240000e-04  6.18917934e-01 
 1.19250000e-04  6.18958685e-01 
 1.19260000e-04  6.18999324e-01 
 1.19270000e-04  6.19039788e-01 
 1.19280000e-04  6.19080301e-01 
 1.19290000e-04  6.19120900e-01 
 1.19300000e-04  6.19161606e-01 
 1.19310000e-04  6.19202079e-01 
 1.19320000e-04  6.19242571e-01 
 1.19330000e-04  6.19283240e-01 
 1.19340000e-04  6.19323717e-01 
 1.19350000e-04  6.19364357e-01 
 1.19360000e-04  6.19404910e-01 
 1.19370000e-04  6.19445387e-01 
 1.19380000e-04  6.19486037e-01 
 1.19390000e-04  6.19526572e-01 
 1.19400000e-04  6.19567227e-01 
 1.19410000e-04  6.19607771e-01 
 1.19420000e-04  6.19648424e-01 
 1.19430000e-04  6.19688830e-01 
 1.19440000e-04  6.19729441e-01 
 1.19450000e-04  6.19770033e-01 
 1.19460000e-04  6.19810583e-01 
 1.19470000e-04  6.19851218e-01 
 1.19480000e-04  6.19891666e-01 
 1.19490000e-04  6.19932547e-01 
 1.19500000e-04  6.19973021e-01 
 1.19510000e-04  6.20013573e-01 
 1.19520000e-04  6.20054170e-01 
 1.19530000e-04  6.20094715e-01 
 1.19540000e-04  6.20135397e-01 
 1.19550000e-04  6.20176073e-01 
 1.19560000e-04  6.20216660e-01 
 1.19570000e-04  6.20257105e-01 
 1.19580000e-04  6.20297747e-01 
 1.19590000e-04  6.20338439e-01 
 1.19600000e-04  6.20378805e-01 
 1.19610000e-04  6.20419476e-01 
 1.19620000e-04  6.20460170e-01 
 1.19630000e-04  6.20500823e-01 
 1.19640000e-04  6.20541294e-01 
 1.19650000e-04  6.20581967e-01 
 1.19660000e-04  6.20622610e-01 
 1.19670000e-04  6.20663029e-01 
 1.19680000e-04  6.20703663e-01 
 1.19690000e-04  6.20744334e-01 
 1.19700000e-04  6.20785046e-01 
 1.19710000e-04  6.20825400e-01 
 1.19720000e-04  6.20866124e-01 
 1.19730000e-04  6.20906744e-01 
 1.19740000e-04  6.20947322e-01 
 1.19750000e-04  6.20987841e-01 
 1.19760000e-04  6.21028503e-01 
 1.19770000e-04  6.21069249e-01 
 1.19780000e-04  6.21109764e-01 
 1.19790000e-04  6.21150374e-01 
 1.19800000e-04  6.21191107e-01 
 1.19810000e-04  6.21231511e-01 
 1.19820000e-04  6.21272227e-01 
 1.19830000e-04  6.21313036e-01 
 1.19840000e-04  6.21353640e-01 
 1.19850000e-04  6.21394127e-01 
 1.19860000e-04  6.21434826e-01 
 1.19870000e-04  6.21475324e-01 
 1.19880000e-04  6.21516061e-01 
 1.19890000e-04  6.21556542e-01 
 1.19900000e-04  6.21597247e-01 
 1.19910000e-04  6.21637877e-01 
 1.19920000e-04  6.21678540e-01 
 1.19930000e-04  6.21719073e-01 
 1.19940000e-04  6.21759671e-01 
 1.19950000e-04  6.21800350e-01 
 1.19960000e-04  6.21840910e-01 
 1.19970000e-04  6.21881476e-01 
 1.19980000e-04  6.21922161e-01 
 1.19990000e-04  6.21962853e-01 
 1.20000000e-04  6.22003255e-01 
