 time            v(inp)          v(out)         
 0.00000000e+00  6.00000000e-01  6.00584351e-01 
 1.10000000e-11  6.00000000e-01  6.00584351e-01 
 2.20000000e-11  6.00000000e-01  6.00584351e-01 
 4.40000000e-11  6.00000000e-01  6.00584351e-01 
 8.80000000e-11  6.00000000e-01  6.00584351e-01 
 1.76000000e-10  6.00000000e-01  6.00584351e-01 
 3.52000000e-10  6.00000000e-01  6.00584351e-01 
 7.04000000e-10  6.00000000e-01  6.00584351e-01 
 1.40800000e-09  6.00000000e-01  6.00584351e-01 
 2.50800000e-09  6.00000000e-01  6.00584351e-01 
 3.60800000e-09  6.00000000e-01  6.00584351e-01 
 4.70800000e-09  6.00000000e-01  6.00584351e-01 
 5.80800000e-09  6.00000000e-01  6.00584351e-01 
 6.90800000e-09  6.00000000e-01  6.00584351e-01 
 8.00800000e-09  6.00000000e-01  6.00584351e-01 
 9.10800000e-09  6.00000000e-01  6.00584351e-01 
 1.02080000e-08  6.00000000e-01  6.00584351e-01 
 1.13080000e-08  6.00000000e-01  6.00584351e-01 
 1.24080000e-08  6.00000000e-01  6.00584351e-01 
 1.35080000e-08  6.00000000e-01  6.00584351e-01 
 1.46080000e-08  6.00000000e-01  6.00584351e-01 
 1.57080000e-08  6.00000000e-01  6.00584351e-01 
 1.68080000e-08  6.00000000e-01  6.00584351e-01 
 1.79080000e-08  6.00000000e-01  6.00584351e-01 
 1.90080000e-08  6.00000000e-01  6.00584351e-01 
 2.01080000e-08  6.00000000e-01  6.00584351e-01 
 2.12080000e-08  6.00000000e-01  6.00584352e-01 
 2.23080000e-08  6.00000000e-01  6.00584351e-01 
 2.34080000e-08  6.00000000e-01  6.00584351e-01 
 2.45080000e-08  6.00000000e-01  6.00584351e-01 
 2.56080000e-08  6.00000000e-01  6.00584351e-01 
 2.67080000e-08  6.00000000e-01  6.00584352e-01 
 2.78080000e-08  6.00000000e-01  6.00584351e-01 
 2.89080000e-08  6.00000000e-01  6.00584351e-01 
 3.00080000e-08  6.00000000e-01  6.00584352e-01 
 3.11080000e-08  6.00000000e-01  6.00584352e-01 
 3.22080000e-08  6.00000000e-01  6.00584351e-01 
 3.33080000e-08  6.00000000e-01  6.00584352e-01 
 3.44080000e-08  6.00000000e-01  6.00584352e-01 
 3.55080000e-08  6.00000000e-01  6.00584351e-01 
 3.66080000e-08  6.00000000e-01  6.00584352e-01 
 3.77080000e-08  6.00000000e-01  6.00584352e-01 
 3.88080000e-08  6.00000000e-01  6.00584352e-01 
 3.99080000e-08  6.00000000e-01  6.00584352e-01 
 4.10080000e-08  6.00000000e-01  6.00584352e-01 
 4.21080000e-08  6.00000000e-01  6.00584352e-01 
 4.32080000e-08  6.00000000e-01  6.00584352e-01 
 4.43080000e-08  6.00000000e-01  6.00584352e-01 
 4.54080000e-08  6.00000000e-01  6.00584352e-01 
 4.65080000e-08  6.00000000e-01  6.00584352e-01 
 4.76080000e-08  6.00000000e-01  6.00584352e-01 
 4.87080000e-08  6.00000000e-01  6.00584351e-01 
 4.98080000e-08  6.00000000e-01  6.00584351e-01 
 5.09080000e-08  6.00000000e-01  6.00584351e-01 
 5.20080000e-08  6.00000000e-01  6.00584352e-01 
 5.31080000e-08  6.00000000e-01  6.00584352e-01 
 5.42080000e-08  6.00000000e-01  6.00584351e-01 
 5.53080000e-08  6.00000000e-01  6.00584352e-01 
 5.64080000e-08  6.00000000e-01  6.00584352e-01 
 5.75080000e-08  6.00000000e-01  6.00584351e-01 
 5.86080000e-08  6.00000000e-01  6.00584351e-01 
 5.97080000e-08  6.00000000e-01  6.00584351e-01 
 6.08080000e-08  6.00000000e-01  6.00584352e-01 
 6.19080000e-08  6.00000000e-01  6.00584352e-01 
 6.30080000e-08  6.00000000e-01  6.00584352e-01 
 6.41080000e-08  6.00000000e-01  6.00584351e-01 
 6.52080000e-08  6.00000000e-01  6.00584351e-01 
 6.63080000e-08  6.00000000e-01  6.00584351e-01 
 6.74080000e-08  6.00000000e-01  6.00584352e-01 
 6.85080000e-08  6.00000000e-01  6.00584352e-01 
 6.96080000e-08  6.00000000e-01  6.00584352e-01 
 7.07080000e-08  6.00000000e-01  6.00584351e-01 
 7.18080000e-08  6.00000000e-01  6.00584351e-01 
 7.29080000e-08  6.00000000e-01  6.00584351e-01 
 7.40080000e-08  6.00000000e-01  6.00584352e-01 
 7.51080000e-08  6.00000000e-01  6.00584352e-01 
 7.62080000e-08  6.00000000e-01  6.00584351e-01 
 7.73080000e-08  6.00000000e-01  6.00584352e-01 
 7.84080000e-08  6.00000000e-01  6.00584352e-01 
 7.95080000e-08  6.00000000e-01  6.00584352e-01 
 8.06080000e-08  6.00000000e-01  6.00584352e-01 
 8.17080000e-08  6.00000000e-01  6.00584352e-01 
 8.28080000e-08  6.00000000e-01  6.00584352e-01 
 8.39080000e-08  6.00000000e-01  6.00584351e-01 
 8.50080000e-08  6.00000000e-01  6.00584351e-01 
 8.61080000e-08  6.00000000e-01  6.00584352e-01 
 8.72080000e-08  6.00000000e-01  6.00584352e-01 
 8.83080000e-08  6.00000000e-01  6.00584352e-01 
 8.94080000e-08  6.00000000e-01  6.00584352e-01 
 9.05080000e-08  6.00000000e-01  6.00584352e-01 
 9.16080000e-08  6.00000000e-01  6.00584352e-01 
 9.27080000e-08  6.00000000e-01  6.00584352e-01 
 9.38080000e-08  6.00000000e-01  6.00584352e-01 
 9.49080000e-08  6.00000000e-01  6.00584352e-01 
 9.60080000e-08  6.00000000e-01  6.00584352e-01 
 9.71080000e-08  6.00000000e-01  6.00584352e-01 
 9.82080000e-08  6.00000000e-01  6.00584352e-01 
 9.93080000e-08  6.00000000e-01  6.00584352e-01 
 1.00000000e-07  6.00000000e-01  6.00584352e-01 
 1.00001000e-07  6.01000000e-01  6.00611217e-01 
 1.00003000e-07  6.03000000e-01  6.00666546e-01 
 1.00007000e-07  6.07000000e-01  6.00777546e-01 
 1.00010000e-07  6.10000000e-01  6.00860894e-01 
 1.00010800e-07  6.10000000e-01  6.00861728e-01 
 1.00012400e-07  6.10000000e-01  6.00861819e-01 
 1.00015600e-07  6.10000000e-01  6.00861820e-01 
 1.00022000e-07  6.10000000e-01  6.00861994e-01 
 1.00034800e-07  6.10000000e-01  6.00862174e-01 
 1.00060400e-07  6.10000000e-01  6.00862702e-01 
 1.00111600e-07  6.10000000e-01  6.00863600e-01 
 1.00214000e-07  6.10000000e-01  6.00865587e-01 
 1.00418800e-07  6.10000000e-01  6.00869502e-01 
 1.00828400e-07  6.10000000e-01  6.00877907e-01 
 1.01647600e-07  6.10000000e-01  6.00896134e-01 
 1.02747600e-07  6.10000000e-01  6.00923868e-01 
 1.03847600e-07  6.10000000e-01  6.00954831e-01 
 1.04947600e-07  6.10000000e-01  6.00988967e-01 
 1.06047600e-07  6.10000000e-01  6.01025797e-01 
 1.07147600e-07  6.10000000e-01  6.01065300e-01 
 1.08247600e-07  6.10000000e-01  6.01107030e-01 
 1.09347600e-07  6.10000000e-01  6.01150996e-01 
 1.10447600e-07  6.10000000e-01  6.01196782e-01 
 1.11547600e-07  6.10000000e-01  6.01244424e-01 
 1.12647600e-07  6.10000000e-01  6.01293534e-01 
 1.13747600e-07  6.10000000e-01  6.01344173e-01 
 1.14847600e-07  6.10000000e-01  6.01395975e-01 
 1.15947600e-07  6.10000000e-01  6.01449023e-01 
 1.17047600e-07  6.10000000e-01  6.01502972e-01 
 1.18147600e-07  6.10000000e-01  6.01557926e-01 
 1.19247600e-07  6.10000000e-01  6.01613556e-01 
 1.20347600e-07  6.10000000e-01  6.01669983e-01 
 1.21447600e-07  6.10000000e-01  6.01726895e-01 
 1.22547600e-07  6.10000000e-01  6.01784427e-01 
 1.23647600e-07  6.10000000e-01  6.01842282e-01 
 1.24747600e-07  6.10000000e-01  6.01900605e-01 
 1.25847600e-07  6.10000000e-01  6.01959113e-01 
 1.26947600e-07  6.10000000e-01  6.02017962e-01 
 1.28047600e-07  6.10000000e-01  6.02076879e-01 
 1.29147600e-07  6.10000000e-01  6.02136030e-01 
 1.30247600e-07  6.10000000e-01  6.02195149e-01 
 1.31347600e-07  6.10000000e-01  6.02254411e-01 
 1.32447600e-07  6.10000000e-01  6.02313559e-01 
 1.33547600e-07  6.10000000e-01  6.02372774e-01 
 1.34647600e-07  6.10000000e-01  6.02431805e-01 
 1.35747600e-07  6.10000000e-01  6.02490839e-01 
 1.36847600e-07  6.10000000e-01  6.02549631e-01 
 1.37947600e-07  6.10000000e-01  6.02608372e-01 
 1.39047600e-07  6.10000000e-01  6.02666824e-01 
 1.40147600e-07  6.10000000e-01  6.02725181e-01 
 1.41247600e-07  6.10000000e-01  6.02783207e-01 
 1.42347600e-07  6.10000000e-01  6.02841103e-01 
 1.43447600e-07  6.10000000e-01  6.02898635e-01 
 1.44547600e-07  6.10000000e-01  6.02956007e-01 
 1.45647600e-07  6.10000000e-01  6.03012988e-01 
 1.46747600e-07  6.10000000e-01  6.03069784e-01 
 1.47847600e-07  6.10000000e-01  6.03126167e-01 
 1.48947600e-07  6.10000000e-01  6.03182346e-01 
 1.50047600e-07  6.10000000e-01  6.03238094e-01 
 1.51147600e-07  6.10000000e-01  6.03293622e-01 
 1.52247600e-07  6.10000000e-01  6.03348706e-01 
 1.53347600e-07  6.10000000e-01  6.03403557e-01 
 1.54447600e-07  6.10000000e-01  6.03457953e-01 
 1.55547600e-07  6.10000000e-01  6.03512107e-01 
 1.56647600e-07  6.10000000e-01  6.03565797e-01 
 1.57747600e-07  6.10000000e-01  6.03619238e-01 
 1.58847600e-07  6.10000000e-01  6.03672209e-01 
 1.59947600e-07  6.10000000e-01  6.03724926e-01 
 1.61047600e-07  6.10000000e-01  6.03777169e-01 
 1.62147600e-07  6.10000000e-01  6.03829154e-01 
 1.63247600e-07  6.10000000e-01  6.03880663e-01 
 1.64347600e-07  6.10000000e-01  6.03931911e-01 
 1.65447600e-07  6.10000000e-01  6.03982682e-01 
 1.66547600e-07  6.10000000e-01  6.04033192e-01 
 1.67647600e-07  6.10000000e-01  6.04083224e-01 
 1.68747600e-07  6.10000000e-01  6.04132995e-01 
 1.69847600e-07  6.10000000e-01  6.04182289e-01 
 1.70947600e-07  6.10000000e-01  6.04231323e-01 
 1.72047600e-07  6.10000000e-01  6.04279881e-01 
 1.73147600e-07  6.10000000e-01  6.04328181e-01 
 1.74247600e-07  6.10000000e-01  6.04376008e-01 
 1.75347600e-07  6.10000000e-01  6.04423578e-01 
 1.76447600e-07  6.10000000e-01  6.04470678e-01 
 1.77547600e-07  6.10000000e-01  6.04517524e-01 
 1.78647600e-07  6.10000000e-01  6.04563902e-01 
 1.79747600e-07  6.10000000e-01  6.04610031e-01 
 1.80847600e-07  6.10000000e-01  6.04655694e-01 
 1.81947600e-07  6.10000000e-01  6.04701112e-01 
 1.83047600e-07  6.10000000e-01  6.04746068e-01 
 1.84147600e-07  6.10000000e-01  6.04790781e-01 
 1.85247600e-07  6.10000000e-01  6.04835037e-01 
 1.86347600e-07  6.10000000e-01  6.04879055e-01 
 1.87447600e-07  6.10000000e-01  6.04922620e-01 
 1.88547600e-07  6.10000000e-01  6.04965950e-01 
 1.89647600e-07  6.10000000e-01  6.05008831e-01 
 1.90747600e-07  6.10000000e-01  6.05051482e-01 
 1.91847600e-07  6.10000000e-01  6.05093688e-01 
 1.92947600e-07  6.10000000e-01  6.05135669e-01 
 1.94047600e-07  6.10000000e-01  6.05177209e-01 
 1.95147600e-07  6.10000000e-01  6.05218528e-01 
 1.96247600e-07  6.10000000e-01  6.05259411e-01 
 1.97347600e-07  6.10000000e-01  6.05300078e-01 
 1.98447600e-07  6.10000000e-01  6.05340313e-01 
 1.99547600e-07  6.10000000e-01  6.05380336e-01 
 2.00647600e-07  6.10000000e-01  6.05419932e-01 
 2.01747600e-07  6.10000000e-01  6.05459321e-01 
 2.02847600e-07  6.10000000e-01  6.05498287e-01 
 2.03947600e-07  6.10000000e-01  6.05537051e-01 
 2.05047600e-07  6.10000000e-01  6.05575397e-01 
 2.06147600e-07  6.10000000e-01  6.05613544e-01 
 2.07247600e-07  6.10000000e-01  6.05651278e-01 
 2.08347600e-07  6.10000000e-01  6.05688818e-01 
 2.09447600e-07  6.10000000e-01  6.05725950e-01 
 2.10547600e-07  6.10000000e-01  6.05762892e-01 
 2.11647600e-07  6.10000000e-01  6.05799430e-01 
 2.12747600e-07  6.10000000e-01  6.05835783e-01 
 2.13847600e-07  6.10000000e-01  6.05871737e-01 
 2.14947600e-07  6.10000000e-01  6.05907510e-01 
 2.16047600e-07  6.10000000e-01  6.05942888e-01 
 2.17147600e-07  6.10000000e-01  6.05978089e-01 
 2.18247600e-07  6.10000000e-01  6.06012900e-01 
 2.19347600e-07  6.10000000e-01  6.06047539e-01 
 2.20447600e-07  6.10000000e-01  6.06081792e-01 
 2.21547600e-07  6.10000000e-01  6.06115877e-01 
 2.22647600e-07  6.10000000e-01  6.06149580e-01 
 2.23747600e-07  6.10000000e-01  6.06183120e-01 
 2.24847600e-07  6.10000000e-01  6.06216282e-01 
 2.25947600e-07  6.10000000e-01  6.06249285e-01 
 2.27047600e-07  6.10000000e-01  6.06281914e-01 
 2.28147600e-07  6.10000000e-01  6.06314388e-01 
 2.29247600e-07  6.10000000e-01  6.06346493e-01 
 2.30347600e-07  6.10000000e-01  6.06378447e-01 
 2.31447600e-07  6.10000000e-01  6.06410036e-01 
 2.32547600e-07  6.10000000e-01  6.06441477e-01 
 2.33647600e-07  6.10000000e-01  6.06472558e-01 
 2.34747600e-07  6.10000000e-01  6.06503496e-01 
 2.35847600e-07  6.10000000e-01  6.06534076e-01 
 2.36947600e-07  6.10000000e-01  6.06564517e-01 
 2.38047600e-07  6.10000000e-01  6.06594606e-01 
 2.39147600e-07  6.10000000e-01  6.06624559e-01 
 2.40247600e-07  6.10000000e-01  6.06654162e-01 
 2.41347600e-07  6.10000000e-01  6.06683635e-01 
 2.42447600e-07  6.10000000e-01  6.06712761e-01 
 2.43547600e-07  6.10000000e-01  6.06741760e-01 
 2.44647600e-07  6.10000000e-01  6.06770418e-01 
 2.45747600e-07  6.10000000e-01  6.06798951e-01 
 2.46847600e-07  6.10000000e-01  6.06827147e-01 
 2.47947600e-07  6.10000000e-01  6.06855222e-01 
 2.49047600e-07  6.10000000e-01  6.06882963e-01 
 2.50147600e-07  6.10000000e-01  6.06910587e-01 
 2.51247600e-07  6.10000000e-01  6.06937881e-01 
 2.52347600e-07  6.10000000e-01  6.06965061e-01 
 2.53447600e-07  6.10000000e-01  6.06991915e-01 
 2.54547600e-07  6.10000000e-01  6.07018658e-01 
 2.55647600e-07  6.10000000e-01  6.07045078e-01 
 2.56747600e-07  6.10000000e-01  6.07071392e-01 
 2.57847600e-07  6.10000000e-01  6.07097385e-01 
 2.58947600e-07  6.10000000e-01  6.07123276e-01 
 2.60047600e-07  6.10000000e-01  6.07148850e-01 
 2.61147600e-07  6.10000000e-01  6.07174324e-01 
 2.62247600e-07  6.10000000e-01  6.07199485e-01 
 2.63347600e-07  6.10000000e-01  6.07224550e-01 
 2.64447600e-07  6.10000000e-01  6.07249305e-01 
 2.65547600e-07  6.10000000e-01  6.07273966e-01 
 2.66647600e-07  6.10000000e-01  6.07298321e-01 
 2.67747600e-07  6.10000000e-01  6.07322586e-01 
 2.68847600e-07  6.10000000e-01  6.07346547e-01 
 2.69947600e-07  6.10000000e-01  6.07370421e-01 
 2.71047600e-07  6.10000000e-01  6.07393996e-01 
 2.72147600e-07  6.10000000e-01  6.07417486e-01 
 2.73247600e-07  6.10000000e-01  6.07440679e-01 
 2.74347600e-07  6.10000000e-01  6.07463791e-01 
 2.75447600e-07  6.10000000e-01  6.07486609e-01 
 2.76547600e-07  6.10000000e-01  6.07509349e-01 
 2.77647600e-07  6.10000000e-01  6.07531799e-01 
 2.78747600e-07  6.10000000e-01  6.07554173e-01 
 2.79847600e-07  6.10000000e-01  6.07576259e-01 
 2.80947600e-07  6.10000000e-01  6.07598273e-01 
 2.82047600e-07  6.10000000e-01  6.07620002e-01 
 2.83147600e-07  6.10000000e-01  6.07641661e-01 
 2.84247600e-07  6.10000000e-01  6.07663038e-01 
 2.85347600e-07  6.10000000e-01  6.07684349e-01 
 2.86447600e-07  6.10000000e-01  6.07705381e-01 
 2.87547600e-07  6.10000000e-01  6.07726348e-01 
 2.88647600e-07  6.10000000e-01  6.07747039e-01 
 2.89747600e-07  6.10000000e-01  6.07767669e-01 
 2.90847600e-07  6.10000000e-01  6.07788025e-01 
 2.91947600e-07  6.10000000e-01  6.07808323e-01 
 2.93047600e-07  6.10000000e-01  6.07828349e-01 
 2.94147600e-07  6.10000000e-01  6.07848320e-01 
 2.95247600e-07  6.10000000e-01  6.07868022e-01 
 2.96347600e-07  6.10000000e-01  6.07887671e-01 
 2.97447600e-07  6.10000000e-01  6.07907055e-01 
 2.98547600e-07  6.10000000e-01  6.07926387e-01 
 2.99647600e-07  6.10000000e-01  6.07945456e-01 
 3.00747600e-07  6.10000000e-01  6.07964477e-01 
 3.01847600e-07  6.10000000e-01  6.07983238e-01 
 3.02947600e-07  6.10000000e-01  6.08001952e-01 
 3.04047600e-07  6.10000000e-01  6.08020409e-01 
 3.05147600e-07  6.10000000e-01  6.08038822e-01 
 3.06247600e-07  6.10000000e-01  6.08056979e-01 
 3.07347600e-07  6.10000000e-01  6.08075095e-01 
 3.08447600e-07  6.10000000e-01  6.08092958e-01 
 3.09547600e-07  6.10000000e-01  6.08110782e-01 
 3.10647600e-07  6.10000000e-01  6.08128356e-01 
 3.11747600e-07  6.10000000e-01  6.08145893e-01 
 3.12847600e-07  6.10000000e-01  6.08163181e-01 
 3.13947600e-07  6.10000000e-01  6.08180436e-01 
 3.15047600e-07  6.10000000e-01  6.08197444e-01 
 3.16147600e-07  6.10000000e-01  6.08214421e-01 
 3.17247600e-07  6.10000000e-01  6.08231153e-01 
 3.18347600e-07  6.10000000e-01  6.08247856e-01 
 3.19447600e-07  6.10000000e-01  6.08264317e-01 
 3.20547600e-07  6.10000000e-01  6.08280750e-01 
 3.21647600e-07  6.10000000e-01  6.08296944e-01 
 3.22747600e-07  6.10000000e-01  6.08313113e-01 
 3.23847600e-07  6.10000000e-01  6.08329044e-01 
 3.24947600e-07  6.10000000e-01  6.08344952e-01 
 3.26047600e-07  6.10000000e-01  6.08360624e-01 
 3.27147600e-07  6.10000000e-01  6.08376276e-01 
 3.28247600e-07  6.10000000e-01  6.08391694e-01 
 3.29347600e-07  6.10000000e-01  6.08407094e-01 
 3.30447600e-07  6.10000000e-01  6.08422262e-01 
 3.31547600e-07  6.10000000e-01  6.08437413e-01 
 3.32647600e-07  6.10000000e-01  6.08452334e-01 
 3.33747600e-07  6.10000000e-01  6.08467241e-01 
 3.34847600e-07  6.10000000e-01  6.08481921e-01 
 3.35947600e-07  6.10000000e-01  6.08496587e-01 
 3.37047600e-07  6.10000000e-01  6.08511028e-01 
 3.38147600e-07  6.10000000e-01  6.08525458e-01 
 3.39247600e-07  6.10000000e-01  6.08539665e-01 
 3.40347600e-07  6.10000000e-01  6.08553862e-01 
 3.41447600e-07  6.10000000e-01  6.08567838e-01 
 3.42547600e-07  6.10000000e-01  6.08581806e-01 
 3.43647600e-07  6.10000000e-01  6.08595555e-01 
 3.44747600e-07  6.10000000e-01  6.08609299e-01 
 3.45847600e-07  6.10000000e-01  6.08622824e-01 
 3.46947600e-07  6.10000000e-01  6.08636346e-01 
 3.48047600e-07  6.10000000e-01  6.08649651e-01 
 3.49147600e-07  6.10000000e-01  6.08662955e-01 
 3.50247600e-07  6.10000000e-01  6.08676044e-01 
 3.51347600e-07  6.10000000e-01  6.08689133e-01 
 3.52447600e-07  6.10000000e-01  6.08702010e-01 
 3.53547600e-07  6.10000000e-01  6.08714888e-01 
 3.54647600e-07  6.10000000e-01  6.08727556e-01 
 3.55747600e-07  6.10000000e-01  6.08740226e-01 
 3.56847600e-07  6.10000000e-01  6.08752688e-01 
 3.57947600e-07  6.10000000e-01  6.08765154e-01 
 3.59047600e-07  6.10000000e-01  6.08777413e-01 
 3.60147600e-07  6.10000000e-01  6.08789678e-01 
 3.61247600e-07  6.10000000e-01  6.08801737e-01 
 3.62347600e-07  6.10000000e-01  6.08813804e-01 
 3.63447600e-07  6.10000000e-01  6.08825668e-01 
 3.64547600e-07  6.10000000e-01  6.08837541e-01 
 3.65647600e-07  6.10000000e-01  6.08849211e-01 
 3.66747600e-07  6.10000000e-01  6.08860892e-01 
 3.67847600e-07  6.10000000e-01  6.08872373e-01 
 3.68947600e-07  6.10000000e-01  6.08883866e-01 
 3.70047600e-07  6.10000000e-01  6.08895160e-01 
 3.71147600e-07  6.10000000e-01  6.08906467e-01 
 3.72247600e-07  6.10000000e-01  6.08917577e-01 
 3.73347600e-07  6.10000000e-01  6.08928703e-01 
 3.74447600e-07  6.10000000e-01  6.08939632e-01 
 3.75547600e-07  6.10000000e-01  6.08950578e-01 
 3.76647600e-07  6.10000000e-01  6.08961329e-01 
 3.77747600e-07  6.10000000e-01  6.08972099e-01 
 3.78847600e-07  6.10000000e-01  6.08982675e-01 
 3.79947600e-07  6.10000000e-01  6.08993271e-01 
 3.81047600e-07  6.10000000e-01  6.09003675e-01 
 3.82147600e-07  6.10000000e-01  6.09014100e-01 
 3.83247600e-07  6.10000000e-01  6.09024335e-01 
 3.84347600e-07  6.10000000e-01  6.09034592e-01 
 3.85447600e-07  6.10000000e-01  6.09044660e-01 
 3.86547600e-07  6.10000000e-01  6.09054752e-01 
 3.87647600e-07  6.10000000e-01  6.09064656e-01 
 3.88747600e-07  6.10000000e-01  6.09074585e-01 
 3.89847600e-07  6.10000000e-01  6.09084328e-01 
 3.90947600e-07  6.10000000e-01  6.09094097e-01 
 3.92047600e-07  6.10000000e-01  6.09103681e-01 
 3.93147600e-07  6.10000000e-01  6.09113292e-01 
 3.94247600e-07  6.10000000e-01  6.09122720e-01 
 3.95347600e-07  6.10000000e-01  6.09132177e-01 
 3.96447600e-07  6.10000000e-01  6.09141451e-01 
 3.97547600e-07  6.10000000e-01  6.09150755e-01 
 3.98647600e-07  6.10000000e-01  6.09159878e-01 
 3.99747600e-07  6.10000000e-01  6.09169032e-01 
 4.00847600e-07  6.10000000e-01  6.09178007e-01 
 4.01947600e-07  6.10000000e-01  6.09187014e-01 
 4.03047600e-07  6.10000000e-01  6.09195842e-01 
 4.04147600e-07  6.10000000e-01  6.09204703e-01 
 4.05247600e-07  6.10000000e-01  6.09213387e-01 
 4.06347600e-07  6.10000000e-01  6.09222106e-01 
 4.07447600e-07  6.10000000e-01  6.09230649e-01 
 4.08547600e-07  6.10000000e-01  6.09239227e-01 
 4.09647600e-07  6.10000000e-01  6.09247630e-01 
 4.10747600e-07  6.10000000e-01  6.09256070e-01 
 4.11847600e-07  6.10000000e-01  6.09264336e-01 
 4.12947600e-07  6.10000000e-01  6.09272640e-01 
 4.14047600e-07  6.10000000e-01  6.09280772e-01 
 4.15147600e-07  6.10000000e-01  6.09288942e-01 
 4.16247600e-07  6.10000000e-01  6.09296941e-01 
 4.17347600e-07  6.10000000e-01  6.09304979e-01 
 4.18447600e-07  6.10000000e-01  6.09312847e-01 
 4.19547600e-07  6.10000000e-01  6.09320757e-01 
 4.20647600e-07  6.10000000e-01  6.09328496e-01 
 4.21747600e-07  6.10000000e-01  6.09336278e-01 
 4.22847600e-07  6.10000000e-01  6.09343891e-01 
 4.23947600e-07  6.10000000e-01  6.09351548e-01 
 4.25047600e-07  6.10000000e-01  6.09359037e-01 
 4.26147600e-07  6.10000000e-01  6.09366570e-01 
 4.27247600e-07  6.10000000e-01  6.09373937e-01 
 4.28347600e-07  6.10000000e-01  6.09381349e-01 
 4.29447600e-07  6.10000000e-01  6.09388595e-01 
 4.30547600e-07  6.10000000e-01  6.09395888e-01 
 4.31647600e-07  6.10000000e-01  6.09403016e-01 
 4.32747600e-07  6.10000000e-01  6.09410191e-01 
 4.33847600e-07  6.10000000e-01  6.09417203e-01 
 4.34947600e-07  6.10000000e-01  6.09424262e-01 
 4.36047600e-07  6.10000000e-01  6.09431160e-01 
 4.37147600e-07  6.10000000e-01  6.09438106e-01 
 4.38247600e-07  6.10000000e-01  6.09444890e-01 
 4.39347600e-07  6.10000000e-01  6.09451724e-01 
 4.40447600e-07  6.10000000e-01  6.09458398e-01 
 4.41547600e-07  6.10000000e-01  6.09465122e-01 
 4.42647600e-07  6.10000000e-01  6.09471686e-01 
 4.43747600e-07  6.10000000e-01  6.09478302e-01 
 4.44847600e-07  6.10000000e-01  6.09484760e-01 
 4.45947600e-07  6.10000000e-01  6.09491269e-01 
 4.47047600e-07  6.10000000e-01  6.09497621e-01 
 4.48147600e-07  6.10000000e-01  6.09504025e-01 
 4.49247600e-07  6.10000000e-01  6.09510273e-01 
 4.50347600e-07  6.10000000e-01  6.09516575e-01 
 4.51447600e-07  6.10000000e-01  6.09522720e-01 
 4.52547600e-07  6.10000000e-01  6.09528921e-01 
 4.53647600e-07  6.10000000e-01  6.09534966e-01 
 4.54747600e-07  6.10000000e-01  6.09541066e-01 
 4.55847600e-07  6.10000000e-01  6.09547012e-01 
 4.56947600e-07  6.10000000e-01  6.09553015e-01 
 4.58047600e-07  6.10000000e-01  6.09558864e-01 
 4.59147600e-07  6.10000000e-01  6.09564770e-01 
 4.60247600e-07  6.10000000e-01  6.09570523e-01 
 4.61347600e-07  6.10000000e-01  6.09576334e-01 
 4.62447600e-07  6.10000000e-01  6.09581993e-01 
 4.63547600e-07  6.10000000e-01  6.09587710e-01 
 4.64647600e-07  6.10000000e-01  6.09593277e-01 
 4.65747600e-07  6.10000000e-01  6.09598902e-01 
 4.66847600e-07  6.10000000e-01  6.09604377e-01 
 4.67947600e-07  6.10000000e-01  6.09609913e-01 
 4.69047600e-07  6.10000000e-01  6.09615298e-01 
 4.70147600e-07  6.10000000e-01  6.09620744e-01 
 4.71247600e-07  6.10000000e-01  6.09626041e-01 
 4.72347600e-07  6.10000000e-01  6.09631400e-01 
 4.73447600e-07  6.10000000e-01  6.09636611e-01 
 4.74547600e-07  6.10000000e-01  6.09641883e-01 
 4.75647600e-07  6.10000000e-01  6.09647008e-01 
 4.76747600e-07  6.10000000e-01  6.09652196e-01 
 4.77847600e-07  6.10000000e-01  6.09657237e-01 
 4.78947600e-07  6.10000000e-01  6.09662342e-01 
 4.80047600e-07  6.10000000e-01  6.09667300e-01 
 4.81147600e-07  6.10000000e-01  6.09672323e-01 
 4.82247600e-07  6.10000000e-01  6.09677200e-01 
 4.83347600e-07  6.10000000e-01  6.09682142e-01 
 4.84447600e-07  6.10000000e-01  6.09686939e-01 
 4.85547600e-07  6.10000000e-01  6.09691802e-01 
 4.86647600e-07  6.10000000e-01  6.09696520e-01 
 4.87747600e-07  6.10000000e-01  6.09701305e-01 
 4.88847600e-07  6.10000000e-01  6.09705946e-01 
 4.89947600e-07  6.10000000e-01  6.09710654e-01 
 4.91047600e-07  6.10000000e-01  6.09715219e-01 
 4.92147600e-07  6.10000000e-01  6.09719851e-01 
 4.93247600e-07  6.10000000e-01  6.09724341e-01 
 4.94347600e-07  6.10000000e-01  6.09728899e-01 
 4.95447600e-07  6.10000000e-01  6.09733315e-01 
 4.96547600e-07  6.10000000e-01  6.09737800e-01 
 4.97647600e-07  6.10000000e-01  6.09742144e-01 
 4.98747600e-07  6.10000000e-01  6.09746556e-01 
 4.99847600e-07  6.10000000e-01  6.09750829e-01 
 5.00947600e-07  6.10000000e-01  6.09755171e-01 
 5.02047600e-07  6.10000000e-01  6.09759373e-01 
 5.03147600e-07  6.10000000e-01  6.09763646e-01 
 5.04247600e-07  6.10000000e-01  6.09767779e-01 
 5.05347600e-07  6.10000000e-01  6.09771983e-01 
 5.06447600e-07  6.10000000e-01  6.09776048e-01 
 5.07547600e-07  6.10000000e-01  6.09780185e-01 
 5.08647600e-07  6.10000000e-01  6.09784183e-01 
 5.09747600e-07  6.10000000e-01  6.09788253e-01 
 5.10847600e-07  6.10000000e-01  6.09792186e-01 
 5.11947600e-07  6.10000000e-01  6.09796191e-01 
 5.13047600e-07  6.10000000e-01  6.09800059e-01 
 5.14147600e-07  6.10000000e-01  6.09804000e-01 
 5.15247600e-07  6.10000000e-01  6.09807805e-01 
 5.16347600e-07  6.10000000e-01  6.09811682e-01 
 5.17447600e-07  6.10000000e-01  6.09815424e-01 
 5.18547600e-07  6.10000000e-01  6.09819240e-01 
 5.19647600e-07  6.10000000e-01  6.09822920e-01 
 5.20747600e-07  6.10000000e-01  6.09826675e-01 
 5.21847600e-07  6.10000000e-01  6.09830294e-01 
 5.22947600e-07  6.10000000e-01  6.09833989e-01 
 5.24047600e-07  6.10000000e-01  6.09837549e-01 
 5.25147600e-07  6.10000000e-01  6.09841184e-01 
 5.26247600e-07  6.10000000e-01  6.09844686e-01 
 5.27347600e-07  6.10000000e-01  6.09848263e-01 
 5.28447600e-07  6.10000000e-01  6.09851707e-01 
 5.29547600e-07  6.10000000e-01  6.09855227e-01 
 5.30647600e-07  6.10000000e-01  6.09858614e-01 
 5.31747600e-07  6.10000000e-01  6.09862077e-01 
 5.32847600e-07  6.10000000e-01  6.09865409e-01 
 5.33947600e-07  6.10000000e-01  6.09868817e-01 
 5.35047600e-07  6.10000000e-01  6.09872093e-01 
 5.36147600e-07  6.10000000e-01  6.09875447e-01 
 5.37247600e-07  6.10000000e-01  6.09878669e-01 
 5.38347600e-07  6.10000000e-01  6.09881969e-01 
 5.39447600e-07  6.10000000e-01  6.09885139e-01 
 5.40547600e-07  6.10000000e-01  6.09888386e-01 
 5.41647600e-07  6.10000000e-01  6.09891503e-01 
 5.42747600e-07  6.10000000e-01  6.09894698e-01 
 5.43847600e-07  6.10000000e-01  6.09897764e-01 
 5.44947600e-07  6.10000000e-01  6.09900908e-01 
 5.46047600e-07  6.10000000e-01  6.09903923e-01 
 5.47147600e-07  6.10000000e-01  6.09907018e-01 
 5.48247600e-07  6.10000000e-01  6.09909983e-01 
 5.49347600e-07  6.10000000e-01  6.09913027e-01 
 5.50447600e-07  6.10000000e-01  6.09915944e-01 
 5.51547600e-07  6.10000000e-01  6.09918940e-01 
 5.52647600e-07  6.10000000e-01  6.09921808e-01 
 5.53747600e-07  6.10000000e-01  6.09924756e-01 
 5.54847600e-07  6.10000000e-01  6.09927577e-01 
 5.55947600e-07  6.10000000e-01  6.09930478e-01 
 5.57047600e-07  6.10000000e-01  6.09933252e-01 
 5.58147600e-07  6.10000000e-01  6.09936107e-01 
 5.59247600e-07  6.10000000e-01  6.09938836e-01 
 5.60347600e-07  6.10000000e-01  6.09941645e-01 
 5.61447600e-07  6.10000000e-01  6.09944328e-01 
 5.62547600e-07  6.10000000e-01  6.09947093e-01 
 5.63647600e-07  6.10000000e-01  6.09949732e-01 
 5.64747600e-07  6.10000000e-01  6.09952452e-01 
 5.65847600e-07  6.10000000e-01  6.09955047e-01 
 5.66947600e-07  6.10000000e-01  6.09957725e-01 
 5.68047600e-07  6.10000000e-01  6.09960277e-01 
 5.69147600e-07  6.10000000e-01  6.09962911e-01 
 5.70247600e-07  6.10000000e-01  6.09965421e-01 
 5.71347600e-07  6.10000000e-01  6.09968014e-01 
 5.72447600e-07  6.10000000e-01  6.09970482e-01 
 5.73547600e-07  6.10000000e-01  6.09973034e-01 
 5.74647600e-07  6.10000000e-01  6.09975461e-01 
 5.75747600e-07  6.10000000e-01  6.09977972e-01 
 5.76847600e-07  6.10000000e-01  6.09980359e-01 
 5.77947600e-07  6.10000000e-01  6.09982830e-01 
 5.79047600e-07  6.10000000e-01  6.09985177e-01 
 5.80147600e-07  6.10000000e-01  6.09987609e-01 
 5.81247600e-07  6.10000000e-01  6.09989918e-01 
 5.82347600e-07  6.10000000e-01  6.09992311e-01 
 5.83447600e-07  6.10000000e-01  6.09994581e-01 
 5.84547600e-07  6.10000000e-01  6.09996936e-01 
 5.85647600e-07  6.10000000e-01  6.09999168e-01 
 5.86747600e-07  6.10000000e-01  6.10001486e-01 
 5.87847600e-07  6.10000000e-01  6.10003681e-01 
 5.88947600e-07  6.10000000e-01  6.10005962e-01 
 5.90047600e-07  6.10000000e-01  6.10008121e-01 
 5.91147600e-07  6.10000000e-01  6.10010366e-01 
 5.92247600e-07  6.10000000e-01  6.10012489e-01 
 5.93347600e-07  6.10000000e-01  6.10014698e-01 
 5.94447600e-07  6.10000000e-01  6.10016785e-01 
 5.95547600e-07  6.10000000e-01  6.10018959e-01 
 5.96647600e-07  6.10000000e-01  6.10021012e-01 
 5.97747600e-07  6.10000000e-01  6.10023152e-01 
 5.98847600e-07  6.10000000e-01  6.10025171e-01 
 5.99947600e-07  6.10000000e-01  6.10027276e-01 
 6.01047600e-07  6.10000000e-01  6.10029262e-01 
 6.02147600e-07  6.10000000e-01  6.10031334e-01 
 6.03247600e-07  6.10000000e-01  6.10033286e-01 
 6.04347600e-07  6.10000000e-01  6.10035325e-01 
 6.05447600e-07  6.10000000e-01  6.10037245e-01 
 6.06547600e-07  6.10000000e-01  6.10039252e-01 
 6.07647600e-07  6.10000000e-01  6.10041140e-01 
 6.08747600e-07  6.10000000e-01  6.10043115e-01 
 6.09847600e-07  6.10000000e-01  6.10044971e-01 
 6.10947600e-07  6.10000000e-01  6.10046915e-01 
 6.12047600e-07  6.10000000e-01  6.10048741e-01 
 6.13147600e-07  6.10000000e-01  6.10050654e-01 
 6.14247600e-07  6.10000000e-01  6.10052449e-01 
 6.15347600e-07  6.10000000e-01  6.10054332e-01 
 6.16447600e-07  6.10000000e-01  6.10056097e-01 
 6.17547600e-07  6.10000000e-01  6.10057950e-01 
 6.18647600e-07  6.10000000e-01  6.10059685e-01 
 6.19747600e-07  6.10000000e-01  6.10061509e-01 
 6.20847600e-07  6.10000000e-01  6.10063216e-01 
 6.21947600e-07  6.10000000e-01  6.10065011e-01 
 6.23047600e-07  6.10000000e-01  6.10066689e-01 
 6.24147600e-07  6.10000000e-01  6.10068456e-01 
 6.25247600e-07  6.10000000e-01  6.10070105e-01 
 6.26347600e-07  6.10000000e-01  6.10071844e-01 
 6.27447600e-07  6.10000000e-01  6.10073466e-01 
 6.28547600e-07  6.10000000e-01  6.10075178e-01 
 6.29647600e-07  6.10000000e-01  6.10076773e-01 
 6.30747600e-07  6.10000000e-01  6.10078458e-01 
 6.31847600e-07  6.10000000e-01  6.10080026e-01 
 6.32947600e-07  6.10000000e-01  6.10081684e-01 
 6.34047600e-07  6.10000000e-01  6.10083226e-01 
 6.35147600e-07  6.10000000e-01  6.10084858e-01 
 6.36247600e-07  6.10000000e-01  6.10086374e-01 
 6.37347600e-07  6.10000000e-01  6.10087980e-01 
 6.38447600e-07  6.10000000e-01  6.10089471e-01 
 6.39547600e-07  6.10000000e-01  6.10091052e-01 
 6.40647600e-07  6.10000000e-01  6.10092518e-01 
 6.41747600e-07  6.10000000e-01  6.10094074e-01 
 6.42847600e-07  6.10000000e-01  6.10095515e-01 
 6.43947600e-07  6.10000000e-01  6.10097047e-01 
 6.45047600e-07  6.10000000e-01  6.10098463e-01 
 6.46147600e-07  6.10000000e-01  6.10099971e-01 
 6.47247600e-07  6.10000000e-01  6.10101364e-01 
 6.48347600e-07  6.10000000e-01  6.10102848e-01 
 6.49447600e-07  6.10000000e-01  6.10104217e-01 
 6.50547600e-07  6.10000000e-01  6.10105678e-01 
 6.51647600e-07  6.10000000e-01  6.10107025e-01 
 6.52747600e-07  6.10000000e-01  6.10108463e-01 
 6.53847600e-07  6.10000000e-01  6.10109786e-01 
 6.54947600e-07  6.10000000e-01  6.10111202e-01 
 6.56047600e-07  6.10000000e-01  6.10112503e-01 
 6.57147600e-07  6.10000000e-01  6.10113896e-01 
 6.58247600e-07  6.10000000e-01  6.10115175e-01 
 6.59347600e-07  6.10000000e-01  6.10116547e-01 
 6.60447600e-07  6.10000000e-01  6.10117805e-01 
 6.61547600e-07  6.10000000e-01  6.10119155e-01 
 6.62647600e-07  6.10000000e-01  6.10120391e-01 
 6.63747600e-07  6.10000000e-01  6.10121720e-01 
 6.64847600e-07  6.10000000e-01  6.10122936e-01 
 6.65947600e-07  6.10000000e-01  6.10124244e-01 
 6.67047600e-07  6.10000000e-01  6.10125439e-01 
 6.68147600e-07  6.10000000e-01  6.10126727e-01 
 6.69247600e-07  6.10000000e-01  6.10127901e-01 
 6.70347600e-07  6.10000000e-01  6.10129169e-01 
 6.71447600e-07  6.10000000e-01  6.10130324e-01 
 6.72547600e-07  6.10000000e-01  6.10131572e-01 
 6.73647600e-07  6.10000000e-01  6.10132707e-01 
 6.74747600e-07  6.10000000e-01  6.10133936e-01 
 6.75847600e-07  6.10000000e-01  6.10135052e-01 
 6.76947600e-07  6.10000000e-01  6.10136261e-01 
 6.78047600e-07  6.10000000e-01  6.10137358e-01 
 6.79147600e-07  6.10000000e-01  6.10138548e-01 
 6.80247600e-07  6.10000000e-01  6.10139627e-01 
 6.81347600e-07  6.10000000e-01  6.10140799e-01 
 6.82447600e-07  6.10000000e-01  6.10141859e-01 
 6.83547600e-07  6.10000000e-01  6.10143013e-01 
 6.84647600e-07  6.10000000e-01  6.10144055e-01 
 6.85747600e-07  6.10000000e-01  6.10145191e-01 
 6.86847600e-07  6.10000000e-01  6.10146215e-01 
 6.87947600e-07  6.10000000e-01  6.10147333e-01 
 6.89047600e-07  6.10000000e-01  6.10148340e-01 
 6.90147600e-07  6.10000000e-01  6.10149441e-01 
 6.91247600e-07  6.10000000e-01  6.10150431e-01 
 6.92347600e-07  6.10000000e-01  6.10151515e-01 
 6.93447600e-07  6.10000000e-01  6.10152487e-01 
 6.94547600e-07  6.10000000e-01  6.10153554e-01 
 6.95647600e-07  6.10000000e-01  6.10154511e-01 
 6.96747600e-07  6.10000000e-01  6.10155561e-01 
 6.97847600e-07  6.10000000e-01  6.10156501e-01 
 6.98947600e-07  6.10000000e-01  6.10157535e-01 
 7.00047600e-07  6.10000000e-01  6.10158459e-01 
 7.01147600e-07  6.10000000e-01  6.10159477e-01 
 7.02247600e-07  6.10000000e-01  6.10160385e-01 
 7.03347600e-07  6.10000000e-01  6.10161388e-01 
 7.04447600e-07  6.10000000e-01  6.10162280e-01 
 7.05547600e-07  6.10000000e-01  6.10163267e-01 
 7.06647600e-07  6.10000000e-01  6.10164144e-01 
 7.07747600e-07  6.10000000e-01  6.10165116e-01 
 7.08847600e-07  6.10000000e-01  6.10165978e-01 
 7.09947600e-07  6.10000000e-01  6.10166935e-01 
 7.11047600e-07  6.10000000e-01  6.10167782e-01 
 7.12147600e-07  6.10000000e-01  6.10168725e-01 
 7.13247600e-07  6.10000000e-01  6.10169557e-01 
 7.14347600e-07  6.10000000e-01  6.10170485e-01 
 7.15447600e-07  6.10000000e-01  6.10171303e-01 
 7.16547600e-07  6.10000000e-01  6.10172217e-01 
 7.17647600e-07  6.10000000e-01  6.10173021e-01 
 7.18747600e-07  6.10000000e-01  6.10173920e-01 
 7.19847600e-07  6.10000000e-01  6.10174710e-01 
 7.20947600e-07  6.10000000e-01  6.10175596e-01 
 7.22047600e-07  6.10000000e-01  6.10176373e-01 
 7.23147600e-07  6.10000000e-01  6.10177245e-01 
 7.24247600e-07  6.10000000e-01  6.10178008e-01 
 7.25347600e-07  6.10000000e-01  6.10178867e-01 
 7.26447600e-07  6.10000000e-01  6.10179617e-01 
 7.27547600e-07  6.10000000e-01  6.10180462e-01 
 7.28647600e-07  6.10000000e-01  6.10181199e-01 
 7.29747600e-07  6.10000000e-01  6.10182032e-01 
 7.30847600e-07  6.10000000e-01  6.10182756e-01 
 7.31947600e-07  6.10000000e-01  6.10183576e-01 
 7.33047600e-07  6.10000000e-01  6.10184288e-01 
 7.34147600e-07  6.10000000e-01  6.10185095e-01 
 7.35247600e-07  6.10000000e-01  6.10185794e-01 
 7.36347600e-07  6.10000000e-01  6.10186590e-01 
 7.37447600e-07  6.10000000e-01  6.10187277e-01 
 7.38547600e-07  6.10000000e-01  6.10188060e-01 
 7.39647600e-07  6.10000000e-01  6.10188735e-01 
 7.40747600e-07  6.10000000e-01  6.10189506e-01 
 7.41847600e-07  6.10000000e-01  6.10190169e-01 
 7.42947600e-07  6.10000000e-01  6.10190929e-01 
 7.44047600e-07  6.10000000e-01  6.10191580e-01 
 7.45147600e-07  6.10000000e-01  6.10192328e-01 
 7.46247600e-07  6.10000000e-01  6.10192969e-01 
 7.47347600e-07  6.10000000e-01  6.10193705e-01 
 7.48447600e-07  6.10000000e-01  6.10194334e-01 
 7.49547600e-07  6.10000000e-01  6.10195060e-01 
 7.50647600e-07  6.10000000e-01  6.10195678e-01 
 7.51747600e-07  6.10000000e-01  6.10196392e-01 
 7.52847600e-07  6.10000000e-01  6.10197000e-01 
 7.53947600e-07  6.10000000e-01  6.10197703e-01 
 7.55047600e-07  6.10000000e-01  6.10198300e-01 
 7.56147600e-07  6.10000000e-01  6.10198993e-01 
 7.57247600e-07  6.10000000e-01  6.10199579e-01 
 7.58347600e-07  6.10000000e-01  6.10200262e-01 
 7.59447600e-07  6.10000000e-01  6.10200837e-01 
 7.60547600e-07  6.10000000e-01  6.10201510e-01 
 7.61647600e-07  6.10000000e-01  6.10202075e-01 
 7.62747600e-07  6.10000000e-01  6.10202738e-01 
 7.63847600e-07  6.10000000e-01  6.10203293e-01 
 7.64947600e-07  6.10000000e-01  6.10203945e-01 
 7.66047600e-07  6.10000000e-01  6.10204491e-01 
 7.67147600e-07  6.10000000e-01  6.10205134e-01 
 7.68247600e-07  6.10000000e-01  6.10205670e-01 
 7.69347600e-07  6.10000000e-01  6.10206303e-01 
 7.70447600e-07  6.10000000e-01  6.10206829e-01 
 7.71547600e-07  6.10000000e-01  6.10207452e-01 
 7.72647600e-07  6.10000000e-01  6.10207969e-01 
 7.73747600e-07  6.10000000e-01  6.10208584e-01 
 7.74847600e-07  6.10000000e-01  6.10209092e-01 
 7.75947600e-07  6.10000000e-01  6.10209697e-01 
 7.77047600e-07  6.10000000e-01  6.10210195e-01 
 7.78147600e-07  6.10000000e-01  6.10210791e-01 
 7.79247600e-07  6.10000000e-01  6.10211281e-01 
 7.80347600e-07  6.10000000e-01  6.10211868e-01 
 7.81447600e-07  6.10000000e-01  6.10212349e-01 
 7.82547600e-07  6.10000000e-01  6.10212928e-01 
 7.83647600e-07  6.10000000e-01  6.10213400e-01 
 7.84747600e-07  6.10000000e-01  6.10213970e-01 
 7.85847600e-07  6.10000000e-01  6.10214434e-01 
 7.86947600e-07  6.10000000e-01  6.10214996e-01 
 7.88047600e-07  6.10000000e-01  6.10215451e-01 
 7.89147600e-07  6.10000000e-01  6.10216004e-01 
 7.90247600e-07  6.10000000e-01  6.10216452e-01 
 7.91347600e-07  6.10000000e-01  6.10216997e-01 
 7.92447600e-07  6.10000000e-01  6.10217436e-01 
 7.93547600e-07  6.10000000e-01  6.10217973e-01 
 7.94647600e-07  6.10000000e-01  6.10218404e-01 
 7.95747600e-07  6.10000000e-01  6.10218933e-01 
 7.96847600e-07  6.10000000e-01  6.10219357e-01 
 7.97947600e-07  6.10000000e-01  6.10219878e-01 
 7.99047600e-07  6.10000000e-01  6.10220294e-01 
 8.00147600e-07  6.10000000e-01  6.10220807e-01 
 8.01247600e-07  6.10000000e-01  6.10221216e-01 
 8.02347600e-07  6.10000000e-01  6.10221722e-01 
 8.03447600e-07  6.10000000e-01  6.10222123e-01 
 8.04547600e-07  6.10000000e-01  6.10222621e-01 
 8.05647600e-07  6.10000000e-01  6.10223015e-01 
 8.06747600e-07  6.10000000e-01  6.10223506e-01 
 8.07847600e-07  6.10000000e-01  6.10223892e-01 
 8.08947600e-07  6.10000000e-01  6.10224377e-01 
 8.10047600e-07  6.10000000e-01  6.10224756e-01 
 8.11147600e-07  6.10000000e-01  6.10225233e-01 
 8.12247600e-07  6.10000000e-01  6.10225605e-01 
 8.13347600e-07  6.10000000e-01  6.10226075e-01 
 8.14447600e-07  6.10000000e-01  6.10226441e-01 
 8.15547600e-07  6.10000000e-01  6.10226904e-01 
 8.16647600e-07  6.10000000e-01  6.10227263e-01 
 8.17747600e-07  6.10000000e-01  6.10227719e-01 
 8.18847600e-07  6.10000000e-01  6.10228071e-01 
 8.19947600e-07  6.10000000e-01  6.10228521e-01 
 8.21047600e-07  6.10000000e-01  6.10228867e-01 
 8.22147600e-07  6.10000000e-01  6.10229310e-01 
 8.23247600e-07  6.10000000e-01  6.10229650e-01 
 8.24347600e-07  6.10000000e-01  6.10230087e-01 
 8.25447600e-07  6.10000000e-01  6.10230419e-01 
 8.26547600e-07  6.10000000e-01  6.10230850e-01 
 8.27647600e-07  6.10000000e-01  6.10231177e-01 
 8.28747600e-07  6.10000000e-01  6.10231601e-01 
 8.29847600e-07  6.10000000e-01  6.10231922e-01 
 8.30947600e-07  6.10000000e-01  6.10232340e-01 
 8.32047600e-07  6.10000000e-01  6.10232655e-01 
 8.33147600e-07  6.10000000e-01  6.10233067e-01 
 8.34247600e-07  6.10000000e-01  6.10233376e-01 
 8.35347600e-07  6.10000000e-01  6.10233783e-01 
 8.36447600e-07  6.10000000e-01  6.10234085e-01 
 8.37547600e-07  6.10000000e-01  6.10234486e-01 
 8.38647600e-07  6.10000000e-01  6.10234783e-01 
 8.39747600e-07  6.10000000e-01  6.10235178e-01 
 8.40847600e-07  6.10000000e-01  6.10235470e-01 
 8.41947600e-07  6.10000000e-01  6.10235859e-01 
 8.43047600e-07  6.10000000e-01  6.10236145e-01 
 8.44147600e-07  6.10000000e-01  6.10236529e-01 
 8.45247600e-07  6.10000000e-01  6.10236809e-01 
 8.46347600e-07  6.10000000e-01  6.10237188e-01 
 8.47447600e-07  6.10000000e-01  6.10237463e-01 
 8.48547600e-07  6.10000000e-01  6.10237836e-01 
 8.49647600e-07  6.10000000e-01  6.10238106e-01 
 8.50747600e-07  6.10000000e-01  6.10238474e-01 
 8.51847600e-07  6.10000000e-01  6.10238738e-01 
 8.52947600e-07  6.10000000e-01  6.10239101e-01 
 8.54047600e-07  6.10000000e-01  6.10239361e-01 
 8.55147600e-07  6.10000000e-01  6.10239718e-01 
 8.56247600e-07  6.10000000e-01  6.10239973e-01 
 8.57347600e-07  6.10000000e-01  6.10240325e-01 
 8.58447600e-07  6.10000000e-01  6.10240575e-01 
 8.59547600e-07  6.10000000e-01  6.10240923e-01 
 8.60647600e-07  6.10000000e-01  6.10241167e-01 
 8.61747600e-07  6.10000000e-01  6.10241510e-01 
 8.62847600e-07  6.10000000e-01  6.10241750e-01 
 8.63947600e-07  6.10000000e-01  6.10242088e-01 
 8.65047600e-07  6.10000000e-01  6.10242323e-01 
 8.66147600e-07  6.10000000e-01  6.10242657e-01 
 8.67247600e-07  6.10000000e-01  6.10242887e-01 
 8.68347600e-07  6.10000000e-01  6.10243216e-01 
 8.69447600e-07  6.10000000e-01  6.10243442e-01 
 8.70547600e-07  6.10000000e-01  6.10243767e-01 
 8.71647600e-07  6.10000000e-01  6.10243988e-01 
 8.72747600e-07  6.10000000e-01  6.10244308e-01 
 8.73847600e-07  6.10000000e-01  6.10244525e-01 
 8.74947600e-07  6.10000000e-01  6.10244841e-01 
 8.76047600e-07  6.10000000e-01  6.10245053e-01 
 8.77147600e-07  6.10000000e-01  6.10245364e-01 
 8.78247600e-07  6.10000000e-01  6.10245573e-01 
 8.79347600e-07  6.10000000e-01  6.10245880e-01 
 8.80447600e-07  6.10000000e-01  6.10246084e-01 
 8.81547600e-07  6.10000000e-01  6.10246387e-01 
 8.82647600e-07  6.10000000e-01  6.10246587e-01 
 8.83747600e-07  6.10000000e-01  6.10246886e-01 
 8.84847600e-07  6.10000000e-01  6.10247082e-01 
 8.85947600e-07  6.10000000e-01  6.10247376e-01 
 8.87047600e-07  6.10000000e-01  6.10247568e-01 
 8.88147600e-07  6.10000000e-01  6.10247859e-01 
 8.89247600e-07  6.10000000e-01  6.10248047e-01 
 8.90347600e-07  6.10000000e-01  6.10248334e-01 
 8.91447600e-07  6.10000000e-01  6.10248518e-01 
 8.92547600e-07  6.10000000e-01  6.10248801e-01 
 8.93647600e-07  6.10000000e-01  6.10248982e-01 
 8.94747600e-07  6.10000000e-01  6.10249261e-01 
 8.95847600e-07  6.10000000e-01  6.10249437e-01 
 8.96947600e-07  6.10000000e-01  6.10249713e-01 
 8.98047600e-07  6.10000000e-01  6.10249886e-01 
 8.99147600e-07  6.10000000e-01  6.10250158e-01 
 9.00247600e-07  6.10000000e-01  6.10250327e-01 
 9.01347600e-07  6.10000000e-01  6.10250595e-01 
 9.02447600e-07  6.10000000e-01  6.10250761e-01 
 9.03547600e-07  6.10000000e-01  6.10251026e-01 
 9.04647600e-07  6.10000000e-01  6.10251188e-01 
 9.05747600e-07  6.10000000e-01  6.10251449e-01 
 9.06847600e-07  6.10000000e-01  6.10251608e-01 
 9.07947600e-07  6.10000000e-01  6.10251866e-01 
 9.09047600e-07  6.10000000e-01  6.10252021e-01 
 9.10147600e-07  6.10000000e-01  6.10252275e-01 
 9.11247600e-07  6.10000000e-01  6.10252428e-01 
 9.12347600e-07  6.10000000e-01  6.10252679e-01 
 9.13447600e-07  6.10000000e-01  6.10252827e-01 
 9.14547600e-07  6.10000000e-01  6.10253075e-01 
 9.15647600e-07  6.10000000e-01  6.10253221e-01 
 9.16747600e-07  6.10000000e-01  6.10253465e-01 
 9.17847600e-07  6.10000000e-01  6.10253608e-01 
 9.18947600e-07  6.10000000e-01  6.10253849e-01 
 9.20047600e-07  6.10000000e-01  6.10253989e-01 
 9.21147600e-07  6.10000000e-01  6.10254227e-01 
 9.22247600e-07  6.10000000e-01  6.10254363e-01 
 9.23347600e-07  6.10000000e-01  6.10254598e-01 
 9.24447600e-07  6.10000000e-01  6.10254731e-01 
 9.25547600e-07  6.10000000e-01  6.10254963e-01 
 9.26647600e-07  6.10000000e-01  6.10255094e-01 
 9.27747600e-07  6.10000000e-01  6.10255323e-01 
 9.28847600e-07  6.10000000e-01  6.10255450e-01 
 9.29947600e-07  6.10000000e-01  6.10255677e-01 
 9.31047600e-07  6.10000000e-01  6.10255801e-01 
 9.32147600e-07  6.10000000e-01  6.10256024e-01 
 9.33247600e-07  6.10000000e-01  6.10256146e-01 
 9.34347600e-07  6.10000000e-01  6.10256367e-01 
 9.35447600e-07  6.10000000e-01  6.10256486e-01 
 9.36547600e-07  6.10000000e-01  6.10256703e-01 
 9.37647600e-07  6.10000000e-01  6.10256820e-01 
 9.38747600e-07  6.10000000e-01  6.10257035e-01 
 9.39847600e-07  6.10000000e-01  6.10257148e-01 
 9.40947600e-07  6.10000000e-01  6.10257360e-01 
 9.42047600e-07  6.10000000e-01  6.10257471e-01 
 9.43147600e-07  6.10000000e-01  6.10257681e-01 
 9.44247600e-07  6.10000000e-01  6.10257789e-01 
 9.45347600e-07  6.10000000e-01  6.10257996e-01 
 9.46447600e-07  6.10000000e-01  6.10258102e-01 
 9.47547600e-07  6.10000000e-01  6.10258306e-01 
 9.48647600e-07  6.10000000e-01  6.10258410e-01 
 9.49747600e-07  6.10000000e-01  6.10258612e-01 
 9.50847600e-07  6.10000000e-01  6.10258712e-01 
 9.51947600e-07  6.10000000e-01  6.10258912e-01 
 9.53047600e-07  6.10000000e-01  6.10259010e-01 
 9.54147600e-07  6.10000000e-01  6.10259207e-01 
 9.55247600e-07  6.10000000e-01  6.10259303e-01 
 9.56347600e-07  6.10000000e-01  6.10259498e-01 
 9.57447600e-07  6.10000000e-01  6.10259591e-01 
 9.58547600e-07  6.10000000e-01  6.10259784e-01 
 9.59647600e-07  6.10000000e-01  6.10259875e-01 
 9.60747600e-07  6.10000000e-01  6.10260065e-01 
 9.61847600e-07  6.10000000e-01  6.10260154e-01 
 9.62947600e-07  6.10000000e-01  6.10260341e-01 
 9.64047600e-07  6.10000000e-01  6.10260428e-01 
 9.65147600e-07  6.10000000e-01  6.10260613e-01 
 9.66247600e-07  6.10000000e-01  6.10260698e-01 
 9.67347600e-07  6.10000000e-01  6.10260881e-01 
 9.68447600e-07  6.10000000e-01  6.10260963e-01 
 9.69547600e-07  6.10000000e-01  6.10261144e-01 
 9.70647600e-07  6.10000000e-01  6.10261225e-01 
 9.71747600e-07  6.10000000e-01  6.10261403e-01 
 9.72847600e-07  6.10000000e-01  6.10261482e-01 
 9.73947600e-07  6.10000000e-01  6.10261658e-01 
 9.75047600e-07  6.10000000e-01  6.10261734e-01 
 9.76147600e-07  6.10000000e-01  6.10261909e-01 
 9.77247600e-07  6.10000000e-01  6.10261983e-01 
 9.78347600e-07  6.10000000e-01  6.10262156e-01 
 9.79447600e-07  6.10000000e-01  6.10262228e-01 
 9.80547600e-07  6.10000000e-01  6.10262398e-01 
 9.81647600e-07  6.10000000e-01  6.10262468e-01 
 9.82747600e-07  6.10000000e-01  6.10262637e-01 
 9.83847600e-07  6.10000000e-01  6.10262705e-01 
 9.84947600e-07  6.10000000e-01  6.10262872e-01 
 9.86047600e-07  6.10000000e-01  6.10262938e-01 
 9.87147600e-07  6.10000000e-01  6.10263103e-01 
 9.88247600e-07  6.10000000e-01  6.10263167e-01 
 9.89347600e-07  6.10000000e-01  6.10263330e-01 
 9.90447600e-07  6.10000000e-01  6.10263392e-01 
 9.91547600e-07  6.10000000e-01  6.10263554e-01 
 9.92647600e-07  6.10000000e-01  6.10263614e-01 
 9.93747600e-07  6.10000000e-01  6.10263773e-01 
 9.94847600e-07  6.10000000e-01  6.10263832e-01 
 9.95947600e-07  6.10000000e-01  6.10263990e-01 
 9.97047600e-07  6.10000000e-01  6.10264047e-01 
 9.98147600e-07  6.10000000e-01  6.10264203e-01 
 9.99247600e-07  6.10000000e-01  6.10264258e-01 
 1.00034760e-06  6.10000000e-01  6.10264412e-01 
 1.00144760e-06  6.10000000e-01  6.10264466e-01 
 1.00254760e-06  6.10000000e-01  6.10264618e-01 
 1.00364760e-06  6.10000000e-01  6.10264670e-01 
 1.00474760e-06  6.10000000e-01  6.10264821e-01 
 1.00584760e-06  6.10000000e-01  6.10264871e-01 
 1.00694760e-06  6.10000000e-01  6.10265020e-01 
 1.00804760e-06  6.10000000e-01  6.10265069e-01 
 1.00914760e-06  6.10000000e-01  6.10265216e-01 
 1.01024760e-06  6.10000000e-01  6.10265263e-01 
 1.01134760e-06  6.10000000e-01  6.10265409e-01 
 1.01244760e-06  6.10000000e-01  6.10265455e-01 
 1.01354760e-06  6.10000000e-01  6.10265599e-01 
 1.01464760e-06  6.10000000e-01  6.10265643e-01 
 1.01574760e-06  6.10000000e-01  6.10265785e-01 
 1.01684760e-06  6.10000000e-01  6.10265828e-01 
 1.01794760e-06  6.10000000e-01  6.10265969e-01 
 1.01904760e-06  6.10000000e-01  6.10266010e-01 
 1.02014760e-06  6.10000000e-01  6.10266150e-01 
 1.02124760e-06  6.10000000e-01  6.10266189e-01 
 1.02234760e-06  6.10000000e-01  6.10266328e-01 
 1.02344760e-06  6.10000000e-01  6.10266366e-01 
 1.02454760e-06  6.10000000e-01  6.10266502e-01 
 1.02564760e-06  6.10000000e-01  6.10266539e-01 
 1.02674760e-06  6.10000000e-01  6.10266674e-01 
 1.02784760e-06  6.10000000e-01  6.10266710e-01 
 1.02894760e-06  6.10000000e-01  6.10266844e-01 
 1.03004760e-06  6.10000000e-01  6.10266878e-01 
 1.03114760e-06  6.10000000e-01  6.10267010e-01 
 1.03224760e-06  6.10000000e-01  6.10267043e-01 
 1.03334760e-06  6.10000000e-01  6.10267174e-01 
 1.03444760e-06  6.10000000e-01  6.10267205e-01 
 1.03554760e-06  6.10000000e-01  6.10267335e-01 
 1.03664760e-06  6.10000000e-01  6.10267365e-01 
 1.03774760e-06  6.10000000e-01  6.10267493e-01 
 1.03884760e-06  6.10000000e-01  6.10267522e-01 
 1.03994760e-06  6.10000000e-01  6.10267649e-01 
 1.04104760e-06  6.10000000e-01  6.10267677e-01 
 1.04214760e-06  6.10000000e-01  6.10267803e-01 
 1.04324760e-06  6.10000000e-01  6.10267829e-01 
 1.04434760e-06  6.10000000e-01  6.10267954e-01 
 1.04544760e-06  6.10000000e-01  6.10267979e-01 
 1.04654760e-06  6.10000000e-01  6.10268102e-01 
 1.04764760e-06  6.10000000e-01  6.10268126e-01 
 1.04874760e-06  6.10000000e-01  6.10268248e-01 
 1.04984760e-06  6.10000000e-01  6.10268271e-01 
 1.05094760e-06  6.10000000e-01  6.10268392e-01 
 1.05204760e-06  6.10000000e-01  6.10268413e-01 
 1.05314760e-06  6.10000000e-01  6.10268533e-01 
 1.05424760e-06  6.10000000e-01  6.10268553e-01 
 1.05534760e-06  6.10000000e-01  6.10268672e-01 
 1.05644760e-06  6.10000000e-01  6.10268691e-01 
 1.05754760e-06  6.10000000e-01  6.10268809e-01 
 1.05864760e-06  6.10000000e-01  6.10268827e-01 
 1.05974760e-06  6.10000000e-01  6.10268943e-01 
 1.06084760e-06  6.10000000e-01  6.10268960e-01 
 1.06194760e-06  6.10000000e-01  6.10269076e-01 
 1.06304760e-06  6.10000000e-01  6.10269092e-01 
 1.06414760e-06  6.10000000e-01  6.10269206e-01 
 1.06524760e-06  6.10000000e-01  6.10269221e-01 
 1.06634760e-06  6.10000000e-01  6.10269334e-01 
 1.06744760e-06  6.10000000e-01  6.10269348e-01 
 1.06854760e-06  6.10000000e-01  6.10269460e-01 
 1.06964760e-06  6.10000000e-01  6.10269473e-01 
 1.07074760e-06  6.10000000e-01  6.10269584e-01 
 1.07184760e-06  6.10000000e-01  6.10269596e-01 
 1.07294760e-06  6.10000000e-01  6.10269706e-01 
 1.07404760e-06  6.10000000e-01  6.10269717e-01 
 1.07514760e-06  6.10000000e-01  6.10269826e-01 
 1.07624760e-06  6.10000000e-01  6.10269836e-01 
 1.07734760e-06  6.10000000e-01  6.10269944e-01 
 1.07844760e-06  6.10000000e-01  6.10269953e-01 
 1.07954760e-06  6.10000000e-01  6.10270060e-01 
 1.08064760e-06  6.10000000e-01  6.10270068e-01 
 1.08174760e-06  6.10000000e-01  6.10270174e-01 
 1.08284760e-06  6.10000000e-01  6.10270181e-01 
 1.08394760e-06  6.10000000e-01  6.10270287e-01 
 1.08504760e-06  6.10000000e-01  6.10270293e-01 
 1.08614760e-06  6.10000000e-01  6.10270397e-01 
 1.08724760e-06  6.10000000e-01  6.10270403e-01 
 1.08834760e-06  6.10000000e-01  6.10270506e-01 
 1.08944760e-06  6.10000000e-01  6.10270510e-01 
 1.09054760e-06  6.10000000e-01  6.10270613e-01 
 1.09164760e-06  6.10000000e-01  6.10270617e-01 
 1.09274760e-06  6.10000000e-01  6.10270718e-01 
 1.09384760e-06  6.10000000e-01  6.10270721e-01 
 1.09494760e-06  6.10000000e-01  6.10270822e-01 
 1.09604760e-06  6.10000000e-01  6.10270824e-01 
 1.09714760e-06  6.10000000e-01  6.10270924e-01 
 1.09824760e-06  6.10000000e-01  6.10270925e-01 
 1.09934760e-06  6.10000000e-01  6.10271024e-01 
 1.10000000e-06  6.10000000e-01  6.10271004e-01 
