 frequency       inoise_spectrum onoise_spectrum
 1.00000000e+00  7.89822151e-06  2.68332858e-02 
 1.05776756e+00  7.67954744e-06  2.60903526e-02 
 1.11887221e+00  7.46692913e-06  2.53679922e-02 
 1.18350673e+00  7.26019890e-06  2.46656351e-02 
 1.25187503e+00  7.05919375e-06  2.39827272e-02 
 1.32419279e+00  6.86375515e-06  2.33187299e-02 
 1.40068818e+00  6.67372901e-06  2.26731197e-02 
 1.48160252e+00  6.48896548e-06  2.20453872e-02 
 1.56719108e+00  6.30931885e-06  2.14350374e-02 
 1.65772389e+00  6.13464747e-06  2.08415889e-02 
 1.75348655e+00  5.96481360e-06  2.02645735e-02 
 1.85478119e+00  5.79968331e-06  1.97035361e-02 
 1.96192737e+00  5.63912640e-06  1.91580341e-02 
 2.07526313e+00  5.48301625e-06  1.86276373e-02 
 2.19514602e+00  5.33122976e-06  1.81119272e-02 
 2.32195425e+00  5.18364724e-06  1.76104970e-02 
 2.45608788e+00  5.04015231e-06  1.71229509e-02 
 2.59797009e+00  4.90063182e-06  1.66489044e-02 
 2.74804848e+00  4.76497576e-06  1.61879834e-02 
 2.90679654e+00  4.63307713e-06  1.57398240e-02 
 3.07471508e+00  4.50483195e-06  1.53040728e-02 
 3.25233387e+00  4.38013908e-06  1.48803856e-02 
 3.44021326e+00  4.25890018e-06  1.44684280e-02 
 3.63894599e+00  4.14101967e-06  1.40678749e-02 
 3.84915902e+00  4.02640458e-06  1.36784099e-02 
 4.07151555e+00  3.91496453e-06  1.32997255e-02 
 4.30671707e+00  3.80661164e-06  1.29315225e-02 
 4.55550561e+00  3.70126048e-06  1.25735101e-02 
 4.81866605e+00  3.59882797e-06  1.22254054e-02 
 5.09702863e+00  3.49923333e-06  1.18869332e-02 
 5.39147154e+00  3.40239804e-06  1.15578260e-02 
 5.70292370e+00  3.30824571e-06  1.12378234e-02 
 6.03236769e+00  3.21670213e-06  1.09266724e-02 
 6.38084285e+00  3.12769509e-06  1.06241266e-02 
 6.74944857e+00  3.04115441e-06  1.03299466e-02 
 7.13934775e+00  2.95701184e-06  1.00438992e-02 
 7.55177045e+00  2.87520104e-06  9.76575789e-03 
 7.98801781e+00  2.79565750e-06  9.49530196e-03 
 8.44946611e+00  2.71831849e-06  9.23231682e-03 
 8.93757115e+00  2.64312301e-06  8.97659363e-03 
 9.45387283e+00  2.57001179e-06  8.72792914e-03 
 1.00000000e+01  2.49892716e-06  8.48612552e-03 
 1.05776756e+01  2.42981307e-06  8.25099021e-03 
 1.11887221e+01  2.36261501e-06  8.02233573e-03 
 1.18350673e+01  2.29728001e-06  7.79997956e-03 
 1.25187503e+01  2.23375654e-06  7.58374391e-03 
 1.32419279e+01  2.17199450e-06  7.37345566e-03 
 1.40068818e+01  2.11194520e-06  7.16894610e-03 
 1.48160252e+01  2.05356128e-06  6.97005086e-03 
 1.56719108e+01  1.99679670e-06  6.77660973e-03 
 1.65772389e+01  1.94160670e-06  6.58846650e-03 
 1.75348655e+01  1.88794777e-06  6.40546883e-03 
 1.85478119e+01  1.83577757e-06  6.22746811e-03 
 1.96192737e+01  1.78505498e-06  6.05431928e-03 
 2.07526313e+01  1.73574000e-06  5.88588074e-03 
 2.19514602e+01  1.68779374e-06  5.72201415e-03 
 2.32195425e+01  1.64117839e-06  5.56258433e-03 
 2.45608788e+01  1.59585719e-06  5.40745912e-03 
 2.59797009e+01  1.55179440e-06  5.25650921e-03 
 2.74804848e+01  1.50895528e-06  5.10960800e-03 
 2.90679654e+01  1.46730604e-06  4.96663149e-03 
 3.07471508e+01  1.42681384e-06  4.82745814e-03 
 3.25233387e+01  1.38744675e-06  4.69196868e-03 
 3.44021326e+01  1.34917372e-06  4.56004604e-03 
 3.63894599e+01  1.31196457e-06  4.43157516e-03 
 3.84915902e+01  1.27578996e-06  4.30644289e-03 
 4.07151555e+01  1.24062136e-06  4.18453784e-03 
 4.30671707e+01  1.20643104e-06  4.06575028e-03 
 4.55550561e+01  1.17319204e-06  3.94997197e-03 
 4.81866605e+01  1.14087813e-06  3.83709610e-03 
 5.09702863e+01  1.10946385e-06  3.72701713e-03 
 5.39147154e+01  1.07892441e-06  3.61963075e-03 
 5.70292370e+01  1.04923573e-06  3.51483375e-03 
 6.03236769e+01  1.02037439e-06  3.41252401e-03 
 6.38084285e+01  9.92317638e-07  3.31260039e-03 
 6.74944857e+01  9.65043342e-07  3.21496279e-03 
 7.13934775e+01  9.38529991e-07  3.11951212e-03 
 7.55177045e+01  9.12756673e-07  3.02615036e-03 
 7.98801781e+01  8.87703062e-07  2.93478069e-03 
 8.44946611e+01  8.63349396e-07  2.84530763e-03 
 8.93757115e+01  8.39676465e-07  2.75763723e-03 
 9.45387283e+01  8.16665598e-07  2.67167741e-03 
 1.00000000e+02  7.94298642e-07  2.58733827e-03 
 1.05776756e+02  7.72557955e-07  2.50453256e-03 
 1.11887221e+02  7.51426384e-07  2.42317621e-03 
 1.18350673e+02  7.30887259e-07  2.34318897e-03 
 1.25187503e+02  7.10924375e-07  2.26449512e-03 
 1.32419279e+02  6.91521982e-07  2.18702430e-03 
 1.40068818e+02  6.72664770e-07  2.11071242e-03 
 1.48160252e+02  6.54337859e-07  2.03550261e-03 
 1.56719108e+02  6.36526784e-07  1.96134626e-03 
 1.65772389e+02  6.19217490e-07  1.88820404e-03 
 1.75348655e+02  6.02396312e-07  1.81604693e-03 
 1.85478119e+02  5.86049971e-07  1.74485712e-03 
 1.96192737e+02  5.70165563e-07  1.67462884e-03 
 2.07526313e+02  5.54730543e-07  1.60536897e-03 
 2.19514602e+02  5.39732722e-07  1.53709738e-03 
 2.32195425e+02  5.25160252e-07  1.46984699e-03 
 2.45608788e+02  5.11001621e-07  1.40366341e-03 
 2.59797009e+02  4.97245640e-07  1.33860421e-03 
 2.74804848e+02  4.83881435e-07  1.27473773e-03 
 2.90679654e+02  4.70898441e-07  1.21214151e-03 
 3.07471508e+02  4.58286388e-07  1.15090027e-03 
 3.25233387e+02  4.46035298e-07  1.09110359e-03 
 3.44021326e+02  4.34135476e-07  1.03284335e-03 
 3.63894599e+02  4.22577499e-07  9.76211016e-04 
 3.84915902e+02  4.11352212e-07  9.21294912e-04 
 4.07151555e+02  4.00450717e-07  8.68177615e-04 
 4.30671707e+02  3.89864369e-07  8.16933557e-04 
 4.55550561e+02  3.79584768e-07  7.67626968e-04 
 4.81866605e+02  3.69603750e-07  7.20310221e-04 
 5.09702863e+02  3.59913383e-07  6.75022639e-04 
 5.39147154e+02  3.50505960e-07  6.31789784e-04 
 5.70292370e+02  3.41373991e-07  5.90623215e-04 
 6.03236769e+02  3.32510196e-07  5.51520693e-04 
 6.38084285e+02  3.23907502e-07  5.14466761e-04 
 6.74944857e+02  3.15559037e-07  4.79433656e-04 
 7.13934775e+02  3.07458119e-07  4.46382459e-04 
 7.55177045e+02  2.99598256e-07  4.15264416e-04 
 7.98801781e+02  2.91973138e-07  3.86022356e-04 
 8.44946611e+02  2.84576631e-07  3.58592151e-04 
 8.93757115e+02  2.77402771e-07  3.32904149e-04 
 9.45387283e+02  2.70445763e-07  3.08884545e-04 
 1.00000000e+03  2.63699970e-07  2.86456662e-04 
 1.05776756e+03  2.57159912e-07  2.65542108e-04 
 1.11887221e+03  2.50820259e-07  2.46061808e-04 
 1.18350673e+03  2.44675826e-07  2.27936897e-04 
 1.25187503e+03  2.38721570e-07  2.11089479e-04 
 1.32419279e+03  2.32952585e-07  1.95443258e-04 
 1.40068818e+03  2.27364093e-07  1.80924044e-04 
 1.48160252e+03  2.21951448e-07  1.67460155e-04 
 1.56719108e+03  2.16710121e-07  1.54982711e-04 
 1.65772389e+03  2.11635706e-07  1.43425855e-04 
 1.75348655e+03  2.06723907e-07  1.32726885e-04 
 1.85478119e+03  2.01970541e-07  1.22826335e-04 
 1.96192737e+03  1.97371526e-07  1.13667993e-04 
 2.07526313e+03  1.92922887e-07  1.05198887e-04 
 2.19514602e+03  1.88620741e-07  9.73692270e-05 
 2.32195425e+03  1.84461303e-07  9.01323274e-05 
 2.45608788e+03  1.80440874e-07  8.34445023e-05 
 2.59797009e+03  1.76555844e-07  7.72649507e-05 
 2.74804848e+03  1.72802686e-07  7.15556291e-05 
 2.90679654e+03  1.69177948e-07  6.62811174e-05 
 3.07471508e+03  1.65678259e-07  6.14084817e-05 
 3.25233387e+03  1.62300318e-07  5.69071357e-05 
 3.44021326e+03  1.59040895e-07  5.27487029e-05 
 3.63894599e+03  1.55896824e-07  4.89068820e-05 
 3.84915902e+03  1.52865006e-07  4.53573149e-05 
 4.07151555e+03  1.49942402e-07  4.20774600e-05 
 4.30671707e+03  1.47126032e-07  3.90464706e-05 
 4.55550561e+03  1.44412972e-07  3.62450787e-05 
 4.81866605e+03  1.41800355e-07  3.36554848e-05 
 5.09702863e+03  1.39285363e-07  3.12612534e-05 
 5.39147154e+03  1.36865231e-07  2.90472147e-05 
 5.70292370e+03  1.34537242e-07  2.69993727e-05 
 6.03236769e+03  1.32298726e-07  2.51048179e-05 
 6.38084285e+03  1.30147062e-07  2.33516466e-05 
 6.74944857e+03  1.28079671e-07  2.17288851e-05 
 7.13934775e+03  1.26094020e-07  2.02264193e-05 
 7.55177045e+03  1.24187620e-07  1.88349292e-05 
 7.98801781e+03  1.22358023e-07  1.75458276e-05 
 8.44946611e+03  1.20602825e-07  1.63512036e-05 
 8.93757115e+03  1.18919664e-07  1.52437703e-05 
 9.45387283e+03  1.17306219e-07  1.42168158e-05 
 1.00000000e+04  1.15760213e-07  1.32641584e-05 
 1.05776756e+04  1.14279407e-07  1.23801051e-05 
 1.11887221e+04  1.12861609e-07  1.15594126e-05 
 1.18350673e+04  1.11504665e-07  1.07972523e-05 
 1.25187503e+04  1.10206466e-07  1.00891769e-05 
 1.32419279e+04  1.08964945e-07  9.43109070e-06 
 1.40068818e+04  1.07778078e-07  8.81922093e-06 
 1.48160252e+04  1.06643884e-07  8.25009249e-06 
 1.56719108e+04  1.05560428e-07  7.72050399e-06 
 1.65772389e+04  1.04525818e-07  7.22750581e-06 
 1.75348655e+04  1.03538206e-07  6.76838000e-06 
 1.85478119e+04  1.02595791e-07  6.34062162e-06 
 1.96192737e+04  1.01696817e-07  5.94192171e-06 
 2.07526313e+04  1.00839571e-07  5.57015150e-06 
 2.19514602e+04  1.00022389e-07  5.22334791e-06 
 2.32195425e+04  9.92436524e-08  4.89970029e-06 
 2.45608788e+04  9.85017876e-08  4.59753809e-06 
 2.59797009e+04  9.77952678e-08  4.31531968e-06 
 2.74804848e+04  9.71226121e-08  4.05162191e-06 
 2.90679654e+04  9.64823855e-08  3.80513064e-06 
 3.07471508e+04  9.58731985e-08  3.57463200e-06 
 3.25233387e+04  9.52937071e-08  3.35900433e-06 
 3.44021326e+04  9.47426120e-08  3.15721082e-06 
 3.63894599e+04  9.42186586e-08  2.96829272e-06 
 3.84915902e+04  9.37206362e-08  2.79136312e-06 
 4.07151555e+04  9.32473774e-08  2.62560124e-06 
 4.30671707e+04  9.27977577e-08  2.47024719e-06 
 4.55550561e+04  9.23706943e-08  2.32459711e-06 
 4.81866605e+04  9.19651459e-08  2.18799880e-06 
 5.09702863e+04  9.15801114e-08  2.05984763e-06 
 5.39147154e+04  9.12146295e-08  1.93958281e-06 
 5.70292370e+04  9.08677773e-08  1.82668400e-06 
 6.03236769e+04  9.05386699e-08  1.72066810e-06 
 6.38084285e+04  9.02264589e-08  1.62108645e-06 
 6.74944857e+04  8.99303318e-08  1.52752210e-06 
 7.13934775e+04  8.96495110e-08  1.43958743e-06 
 7.55177045e+04  8.93832527e-08  1.35692188e-06 
 7.98801781e+04  8.91308458e-08  1.27918994e-06 
 8.44946611e+04  8.88916110e-08  1.20607919e-06 
 8.93757115e+04  8.86648999e-08  1.13729864e-06 
 9.45387283e+04  8.84500940e-08  1.07257707e-06 
 1.00000000e+05  8.82466032e-08  1.01166163e-06 
 1.05776756e+05  8.80538657e-08  9.54316409e-07 
 1.11887221e+05  8.78713464e-08  9.00321259e-07 
 1.18350673e+05  8.76985360e-08  8.49470614e-07 
 1.25187503e+05  8.75349507e-08  8.01572447e-07 
 1.32419279e+05  8.73801305e-08  7.56447298e-07 
 1.40068818e+05  8.72336390e-08  7.13927376e-07 
 1.48160252e+05  8.70950621e-08  6.73855733e-07 
 1.56719108e+05  8.69640076e-08  6.36085502e-07 
 1.65772389e+05  8.68401044e-08  6.00479193e-07 
 1.75348655e+05  8.67230017e-08  5.66908042e-07 
 1.85478119e+05  8.66123682e-08  5.35251412e-07 
 1.96192737e+05  8.65078920e-08  5.05396235e-07 
 2.07526313e+05  8.64092793e-08  4.77236498e-07 
 2.19514602e+05  8.63162547e-08  4.50672770e-07 
 2.32195425e+05  8.62285602e-08  4.25611757e-07 
 2.45608788e+05  8.61459547e-08  4.01965896e-07 
 2.59797009e+05  8.60682143e-08  3.79652978e-07 
 2.74804848e+05  8.59951312e-08  3.58595793e-07 
 2.90679654e+05  8.59265142e-08  3.38721805e-07 
 3.07471508e+05  8.58621881e-08  3.19962849e-07 
 3.25233387e+05  8.58019937e-08  3.02254853e-07 
 3.44021326e+05  8.57457878e-08  2.85537569e-07 
 3.63894599e+05  8.56934432e-08  2.69754336e-07 
 3.84915902e+05  8.56448490e-08  2.54851850e-07 
 4.07151555e+05  8.55999108e-08  2.40779954e-07 
 4.30671707e+05  8.55585506e-08  2.27491440e-07 
 4.55550561e+05  8.55207078e-08  2.14941865e-07 
 4.81866605e+05  8.54863391e-08  2.03089384e-07 
 5.09702863e+05  8.54554196e-08  1.91894584e-07 
 5.39147154e+05  8.54279430e-08  1.81320338e-07 
 5.70292370e+05  8.54039226e-08  1.71331668e-07 
 6.03236769e+05  8.53833922e-08  1.61895607e-07 
 6.38084285e+05  8.53664067e-08  1.52981086e-07 
 6.74944857e+05  8.53530439e-08  1.44558812e-07 
 7.13934775e+05  8.53434047e-08  1.36601168e-07 
 7.55177045e+05  8.53376151e-08  1.29082107e-07 
 7.98801781e+05  8.53358273e-08  1.21977063e-07 
 8.44946611e+05  8.53382212e-08  1.15262858e-07 
 8.93757115e+05  8.53450060e-08  1.08917625e-07 
 9.45387283e+05  8.53564221e-08  1.02920729e-07 
 1.00000000e+06  8.53727427e-08  9.72526913e-08 
 1.05776756e+06  8.53942762e-08  9.18951273e-08 
 1.11887221e+06  8.54213687e-08  8.68306793e-08 
 1.18350673e+06  8.54544062e-08  8.20429582e-08 
 1.25187503e+06  8.54938183e-08  7.75164880e-08 
 1.32419279e+06  8.55400814e-08  7.32366539e-08 
 1.40068818e+06  8.55937231e-08  6.91896537e-08 
 1.48160252e+06  8.56553273e-08  6.53624528e-08 
 1.56719108e+06  8.57255402e-08  6.17427419e-08 
 1.65772389e+06  8.58050772e-08  5.83188981e-08 
 1.75348655e+06  8.58947319e-08  5.50799485e-08 
 1.85478119e+06  8.59953853e-08  5.20155360e-08 
 1.96192737e+06  8.61080182e-08  4.91158884e-08 
 2.07526313e+06  8.62337239e-08  4.63717889e-08 
 2.19514602e+06  8.63737240e-08  4.37745489e-08 
 2.32195425e+06  8.65293853e-08  4.13159823e-08 
 2.45608788e+06  8.67022388e-08  3.89883823e-08 
 2.59797009e+06  8.68940009e-08  3.67844981e-08 
 2.74804848e+06  8.71065958e-08  3.46975144e-08 
 2.90679654e+06  8.73421795e-08  3.27210311e-08 
 3.07471508e+06  8.76031660e-08  3.08490438e-08 
 3.25233387e+06  8.78922533e-08  2.90759258e-08 
 3.44021326e+06  8.82124518e-08  2.73964103e-08 
 3.63894599e+06  8.85671123e-08  2.58055729e-08 
 3.84915902e+06  8.89599552e-08  2.42988149e-08 
 4.07151555e+06  8.93950999e-08  2.28718465e-08 
 4.30671707e+06  8.98770937e-08  2.15206704e-08 
 4.55550561e+06  9.04109408e-08  2.02415640e-08 
 4.81866605e+06  9.10021303e-08  1.90310630e-08 
 5.09702863e+06  9.16566620e-08  1.78859431e-08 
 5.39147154e+06  9.23810708e-08  1.68032009e-08 
 5.70292370e+06  9.31824478e-08  1.57800354e-08 
 6.03236769e+06  9.40684559e-08  1.48138272e-08 
 6.38084285e+06  9.50473417e-08  1.39021175e-08 
 6.74944857e+06  9.61279379e-08  1.30425877e-08 
 7.13934775e+06  9.73196586e-08  1.22330374e-08 
 7.55177045e+06  9.86324819e-08  1.14713641e-08 
 7.98801781e+06  1.00076920e-07  1.07555430e-08 
 8.44946611e+06  1.01663975e-07  1.00836092e-08 
 8.93757115e+06  1.03405072e-07  9.45364156e-09 
 9.45387283e+06  1.05311976e-07  8.86374889e-09 
 1.00000000e+07  1.07396683e-07  8.31206005e-09 
 1.05776756e+07  1.09671283e-07  7.79671650e-09 
 1.11887221e+07  1.12147799e-07  7.31586860e-09 
 1.18350673e+07  1.14837985e-07  6.86767488e-09 
 1.25187503e+07  1.17753102e-07  6.45030428e-09 
 1.32419279e+07  1.20903650e-07  6.06194072e-09 
 1.40068818e+07  1.24299068e-07  5.70078969e-09 
 1.48160252e+07  1.27947407e-07  5.36508609e-09 
 1.56719108e+07  1.31854959e-07  5.05310281e-09 
 1.65772389e+07  1.36025879e-07  4.76315963e-09 
 1.75348655e+07  1.40461782e-07  4.49363185e-09 
 1.85478119e+07  1.45161347e-07  4.24295836e-09 
 1.96192737e+07  1.50119932e-07  4.00964888e-09 
 2.07526313e+07  1.55329237e-07  3.79229020e-09 
 2.19514602e+07  1.60777021e-07  3.58955125e-09 
 2.32195425e+07  1.66446913e-07  3.40018699e-09 
 2.45608788e+07  1.72318338e-07  3.22304112e-09 
 2.59797009e+07  1.78366579e-07  3.05704752e-09 
 2.74804848e+07  1.84562990e-07  2.90123052e-09 
 2.90679654e+07  1.90875371e-07  2.75470398e-09 
 3.07471508e+07  1.97268491e-07  2.61666915e-09 
 3.25233387e+07  2.03704752e-07  2.48641148e-09 
 3.44021326e+07  2.10144943e-07  2.36329636e-09 
 3.63894599e+07  2.16549054e-07  2.24676391e-09 
 3.84915902e+07  2.22877089e-07  2.13632301e-09 
 4.07151555e+07  2.29089816e-07  2.03154469e-09 
 4.30671707e+07  2.35149417e-07  1.93205511e-09 
 4.55550561e+07  2.41019974e-07  1.83752841e-09 
 4.81866605e+07  2.46667778e-07  1.74767962e-09 
 5.09702863e+07  2.52061452e-07  1.66225778e-09 
 5.39147154e+07  2.57171892e-07  1.58103970e-09 
 5.70292370e+07  2.61972066e-07  1.50382420e-09 
 6.03236769e+07  2.66436718e-07  1.43042732e-09 
 6.38084285e+07  2.70542035e-07  1.36067815e-09 
 6.74944857e+07  2.74265339e-07  1.29441575e-09 
 7.13934775e+07  2.77584876e-07  1.23148668e-09 
 7.55177045e+07  2.80479732e-07  1.17174342e-09 
 7.98801781e+07  2.82929932e-07  1.11504340e-09 
 8.44946611e+07  2.84916733e-07  1.06124854e-09 
 8.93757115e+07  2.86423100e-07  1.01022519e-09 
 9.45387283e+07  2.87434347e-07  9.61844359e-10 
 1.00000000e+08  2.87938892e-07  9.15982047e-10 
