 frequency       AmagdB          Aphdeg         
 1.00000000e+01  7.06191171e+01 -1.69742929e+00 
 1.04618344e+01  7.06187570e+01 -1.77577334e+00 
 1.09449980e+01  7.06183630e+01 -1.85772848e+00 
 1.14504757e+01  7.06179317e+01 -1.94346044e+00 
 1.19792981e+01  7.06174598e+01 -2.03314248e+00 
 1.25325434e+01  7.06169433e+01 -2.12695567e+00 
 1.31113394e+01  7.06163781e+01 -2.22508927e+00 
 1.37168662e+01  7.06157595e+01 -2.32774102e+00 
 1.43503583e+01  7.06150826e+01 -2.43511757e+00 
 1.50131073e+01  7.06143418e+01 -2.54743482e+00 
 1.57064643e+01  7.06135312e+01 -2.66491829e+00 
 1.64318429e+01  7.06126442e+01 -2.78780353e+00 
 1.71907220e+01  7.06116735e+01 -2.91633656e+00 
 1.79846488e+01  7.06106114e+01 -3.05077423e+00 
 1.88152418e+01  7.06094492e+01 -3.19138470e+00 
 1.96841945e+01  7.06081775e+01 -3.33844784e+00 
 2.05932784e+01  7.06067860e+01 -3.49225572e+00 
 2.15443469e+01  7.06052636e+01 -3.65311302e+00 
 2.25393390e+01  7.06035979e+01 -3.82133754e+00 
 2.35802834e+01  7.06017756e+01 -3.99726061e+00 
 2.46693021e+01  7.05997819e+01 -4.18122760e+00 
 2.58086154e+01  7.05976009e+01 -4.37359837e+00 
 2.70005462e+01  7.05952150e+01 -4.57474774e+00 
 2.82475244e+01  7.05926052e+01 -4.78506592e+00 
 2.95520924e+01  7.05897505e+01 -5.00495899e+00 
 3.09169098e+01  7.05866282e+01 -5.23484929e+00 
 3.23447591e+01  7.05832134e+01 -5.47517584e+00 
 3.38385515e+01  7.05794790e+01 -5.72639472e+00 
 3.54013324e+01  7.05753953e+01 -5.98897938e+00 
 3.70362879e+01  7.05709302e+01 -6.26342097e+00 
 3.87467512e+01  7.05660484e+01 -6.55022852e+00 
 4.05362096e+01  7.05607115e+01 -6.84992917e+00 
 4.24083114e+01  7.05548778e+01 -7.16306819e+00 
 4.43668733e+01  7.05485017e+01 -7.49020904e+00 
 4.64158883e+01  7.05415339e+01 -7.83193319e+00 
 4.85595339e+01  7.05339203e+01 -8.18883989e+00 
 5.08021805e+01  7.05256026e+01 -8.56154579e+00 
 5.31484001e+01  7.05165171e+01 -8.95068435e+00 
 5.56029763e+01  7.05065947e+01 -9.35690505e+00 
 5.81709133e+01  7.04957606e+01 -9.78087242e+00 
 6.08574464e+01  7.04839336e+01 -1.02232648e+01 
 6.36680529e+01  7.04710257e+01 -1.06847727e+01 
 6.66084629e+01  7.04569419e+01 -1.11660971e+01 
 6.96846712e+01  7.04415793e+01 -1.16679471e+01 
 7.29029493e+01  7.04248270e+01 -1.21910372e+01 
 7.62698586e+01  7.04065654e+01 -1.27360847e+01 
 7.97922634e+01  7.03866657e+01 -1.33038053e+01 
 8.34773449e+01  7.03649895e+01 -1.38949101e+01 
 8.73326162e+01  7.03413882e+01 -1.45100999e+01 
 9.13659373e+01  7.03157028e+01 -1.51500608e+01 
 9.55855309e+01  7.02877632e+01 -1.58154579e+01 
 1.00000000e+02  7.02573879e+01 -1.65069288e+01 
 1.04618344e+02  7.02243838e+01 -1.72250764e+01 
 1.09449980e+02  7.01885461e+01 -1.79704612e+01 
 1.14504757e+02  7.01496577e+01 -1.87435923e+01 
 1.19792981e+02  7.01074898e+01 -1.95449185e+01 
 1.25325434e+02  7.00618015e+01 -2.03748182e+01 
 1.31113394e+02  7.00123405e+01 -2.12335890e+01 
 1.37168662e+02  6.99588434e+01 -2.21214369e+01 
 1.43503583e+02  6.99010365e+01 -2.30384649e+01 
 1.50131073e+02  6.98386364e+01 -2.39846620e+01 
 1.57064643e+02  6.97713518e+01 -2.49598914e+01 
 1.64318429e+02  6.96988843e+01 -2.59638795e+01 
 1.71907220e+02  6.96209305e+01 -2.69962059e+01 
 1.79846488e+02  6.95371840e+01 -2.80562930e+01 
 1.88152418e+02  6.94473374e+01 -2.91433979e+01 
 1.96841945e+02  6.93510850e+01 -3.02566053e+01 
 2.05932784e+02  6.92481258e+01 -3.13948226e+01 
 2.15443469e+02  6.91381661e+01 -3.25567763e+01 
 2.25393390e+02  6.90209229e+01 -3.37410125e+01 
 2.35802834e+02  6.88961273e+01 -3.49458987e+01 
 2.46693021e+02  6.87635273e+01 -3.61696294e+01 
 2.58086154e+02  6.86228917e+01 -3.74102349e+01 
 2.70005462e+02  6.84740128e+01 -3.86655928e+01 
 2.82475244e+02  6.83167098e+01 -3.99334431e+01 
 2.95520924e+02  6.81508310e+01 -4.12114066e+01 
 3.09169098e+02  6.79762563e+01 -4.24970047e+01 
 3.23447591e+02  6.77928994e+01 -4.37876834e+01 
 3.38385515e+02  6.76007087e+01 -4.50808371e+01 
 3.54013324e+02  6.73996684e+01 -4.63738357e+01 
 3.70362879e+02  6.71897986e+01 -4.76640503e+01 
 3.87467512e+02  6.69711552e+01 -4.89488805e+01 
 4.05362096e+02  6.67438289e+01 -5.02257801e+01 
 4.24083114e+02  6.65079434e+01 -5.14922815e+01 
 4.43668733e+02  6.62636543e+01 -5.27460189e+01 
 4.64158883e+02  6.60111458e+01 -5.39847483e+01 
 4.85595339e+02  6.57506285e+01 -5.52063653e+01 
 5.08021805e+02  6.54823364e+01 -5.64089196e+01 
 5.31484001e+02  6.52065237e+01 -5.75906265e+01 
 5.56029763e+02  6.49234612e+01 -5.87498752e+01 
 5.81709133e+02  6.46334334e+01 -5.98852337e+01 
 6.08574464e+02  6.43367349e+01 -6.09954510e+01 
 6.36680529e+02  6.40336676e+01 -6.20794563e+01 
 6.66084629e+02  6.37245375e+01 -6.31363559e+01 
 6.96846712e+02  6.34096519e+01 -6.41654276e+01 
 7.29029493e+02  6.30893171e+01 -6.51661139e+01 
 7.62698586e+02  6.27638360e+01 -6.61380128e+01 
 7.97922634e+02  6.24335061e+01 -6.70808685e+01 
 8.34773449e+02  6.20986180e+01 -6.79945605e+01 
 8.73326162e+02  6.17594537e+01 -6.88790925e+01 
 9.13659373e+02  6.14162859e+01 -6.97345811e+01 
 9.55855309e+02  6.10693767e+01 -7.05612446e+01 
 1.00000000e+03  6.07189769e+01 -7.13593914e+01 
 1.04618344e+03  6.03653260e+01 -7.21294095e+01 
 1.09449980e+03  6.00086515e+01 -7.28717563e+01 
 1.14504757e+03  5.96491688e+01 -7.35869480e+01 
 1.19792981e+03  5.92870814e+01 -7.42755515e+01 
 1.25325434e+03  5.89225810e+01 -7.49381749e+01 
 1.31113394e+03  5.85558476e+01 -7.55754603e+01 
 1.37168662e+03  5.81870500e+01 -7.61880763e+01 
 1.43503583e+03  5.78163459e+01 -7.67767120e+01 
 1.50131073e+03  5.74438827e+01 -7.73420707e+01 
 1.57064643e+03  5.70697974e+01 -7.78848648e+01 
 1.64318429e+03  5.66942179e+01 -7.84058116e+01 
 1.71907220e+03  5.63172626e+01 -7.89056290e+01 
 1.79846488e+03  5.59390414e+01 -7.93850322e+01 
 1.88152418e+03  5.55596563e+01 -7.98447305e+01 
 1.96841945e+03  5.51792013e+01 -8.02854247e+01 
 2.05932784e+03  5.47977636e+01 -8.07078052e+01 
 2.15443469e+03  5.44154236e+01 -8.11125499e+01 
 2.25393390e+03  5.40322555e+01 -8.15003230e+01 
 2.35802834e+03  5.36483275e+01 -8.18717733e+01 
 2.46693021e+03  5.32637027e+01 -8.22275337e+01 
 2.58086154e+03  5.28784391e+01 -8.25682203e+01 
 2.70005462e+03  5.24925898e+01 -8.28944317e+01 
 2.82475244e+03  5.21062039e+01 -8.32067489e+01 
 2.95520924e+03  5.17193265e+01 -8.35057348e+01 
 3.09169098e+03  5.13319988e+01 -8.37919342e+01 
 3.23447591e+03  5.09442589e+01 -8.40658741e+01 
 3.38385515e+03  5.05561416e+01 -8.43280633e+01 
 3.54013324e+03  5.01676787e+01 -8.45789926e+01 
 3.70362879e+03  4.97788997e+01 -8.48191358e+01 
 3.87467512e+03  4.93898313e+01 -8.50489489e+01 
 4.05362096e+03  4.90004981e+01 -8.52688713e+01 
 4.24083114e+03  4.86109227e+01 -8.54793259e+01 
 4.43668733e+03  4.82211258e+01 -8.56807194e+01 
 4.64158883e+03  4.78311262e+01 -8.58734428e+01 
 4.85595339e+03  4.74409413e+01 -8.60578719e+01 
 5.08021805e+03  4.70505869e+01 -8.62343678e+01 
 5.31484001e+03  4.66600775e+01 -8.64032772e+01 
 5.56029763e+03  4.62694263e+01 -8.65649331e+01 
 5.81709133e+03  4.58786456e+01 -8.67196549e+01 
 6.08574464e+03  4.54877464e+01 -8.68677495e+01 
 6.36680529e+03  4.50967389e+01 -8.70095111e+01 
 6.66084629e+03  4.47056325e+01 -8.71452221e+01 
 6.96846712e+03  4.43144355e+01 -8.72751532e+01 
 7.29029493e+03  4.39231557e+01 -8.73995643e+01 
 7.62698586e+03  4.35318004e+01 -8.75187046e+01 
 7.97922634e+03  4.31403759e+01 -8.76328131e+01 
 8.34773449e+03  4.27488883e+01 -8.77421190e+01 
 8.73326162e+03  4.23573428e+01 -8.78468422e+01 
 9.13659373e+03  4.19657447e+01 -8.79471936e+01 
 9.55855309e+03  4.15740982e+01 -8.80433754e+01 
 1.00000000e+04  4.11824077e+01 -8.81355819e+01 
 1.04618344e+04  4.07906768e+01 -8.82239993e+01 
 1.09449980e+04  4.03989091e+01 -8.83088063e+01 
 1.14504757e+04  4.00071078e+01 -8.83901745e+01 
 1.19792981e+04  3.96152756e+01 -8.84682687e+01 
 1.25325434e+04  3.92234154e+01 -8.85432469e+01 
 1.31113394e+04  3.88315293e+01 -8.86152613e+01 
 1.37168662e+04  3.84396198e+01 -8.86844579e+01 
 1.43503583e+04  3.80476888e+01 -8.87509770e+01 
 1.50131073e+04  3.76557381e+01 -8.88149538e+01 
 1.57064643e+04  3.72637694e+01 -8.88765180e+01 
 1.64318429e+04  3.68717842e+01 -8.89357949e+01 
 1.71907220e+04  3.64797840e+01 -8.89929048e+01 
 1.79846488e+04  3.60877700e+01 -8.90479638e+01 
 1.88152418e+04  3.56957434e+01 -8.91010839e+01 
 1.96841945e+04  3.53037053e+01 -8.91523732e+01 
 2.05932784e+04  3.49116565e+01 -8.92019359e+01 
 2.15443469e+04  3.45195981e+01 -8.92498729e+01 
 2.25393390e+04  3.41275307e+01 -8.92962818e+01 
 2.35802834e+04  3.37354552e+01 -8.93412570e+01 
 2.46693021e+04  3.33433722e+01 -8.93848901e+01 
 2.58086154e+04  3.29512822e+01 -8.94272700e+01 
 2.70005462e+04  3.25591859e+01 -8.94684829e+01 
 2.82475244e+04  3.21670838e+01 -8.95086127e+01 
 2.95520924e+04  3.17749762e+01 -8.95477413e+01 
 3.09169098e+04  3.13828636e+01 -8.95859482e+01 
 3.23447591e+04  3.09907463e+01 -8.96233114e+01 
 3.38385515e+04  3.05986247e+01 -8.96599070e+01 
 3.54013324e+04  3.02064991e+01 -8.96958095e+01 
 3.70362879e+04  2.98143696e+01 -8.97310920e+01 
 3.87467512e+04  2.94222366e+01 -8.97658266e+01 
 4.05362096e+04  2.90301002e+01 -8.98000839e+01 
 4.24083114e+04  2.86379607e+01 -8.98339337e+01 
 4.43668733e+04  2.82458180e+01 -8.98674451e+01 
 4.64158883e+04  2.78536724e+01 -8.99006864e+01 
 4.85595339e+04  2.74615239e+01 -8.99337253e+01 
 5.08021805e+04  2.70693727e+01 -8.99666290e+01 
 5.31484001e+04  2.66772187e+01 -8.99994648e+01 
 5.56029763e+04  2.62850619e+01 -9.00322995e+01 
 5.81709133e+04  2.58929025e+01 -9.00652000e+01 
 6.08574464e+04  2.55007403e+01 -9.00982334e+01 
 6.36680529e+04  2.51085753e+01 -9.01314671e+01 
 6.66084629e+04  2.47164075e+01 -9.01649687e+01 
 6.96846712e+04  2.43242367e+01 -9.01988065e+01 
 7.29029493e+04  2.39320629e+01 -9.02330494e+01 
 7.62698586e+04  2.35398859e+01 -9.02677674e+01 
 7.97922634e+04  2.31477055e+01 -9.03030311e+01 
 8.34773449e+04  2.27555216e+01 -9.03389123e+01 
 8.73326162e+04  2.23633340e+01 -9.03754843e+01 
 9.13659373e+04  2.19711422e+01 -9.04128214e+01 
 9.55855309e+04  2.15789462e+01 -9.04509998e+01 
 1.00000000e+05  2.11867456e+01 -9.04900973e+01 
 1.04618344e+05  2.07945400e+01 -9.05301935e+01 
 1.09449980e+05  2.04023290e+01 -9.05713701e+01 
 1.14504757e+05  2.00101122e+01 -9.06137109e+01 
 1.19792981e+05  1.96178891e+01 -9.06573022e+01 
 1.25325434e+05  1.92256591e+01 -9.07022327e+01 
 1.31113394e+05  1.88334217e+01 -9.07485939e+01 
 1.37168662e+05  1.84411762e+01 -9.07964802e+01 
 1.43503583e+05  1.80489218e+01 -9.08459890e+01 
 1.50131073e+05  1.76566579e+01 -9.08972212e+01 
 1.57064643e+05  1.72643834e+01 -9.09502809e+01 
 1.64318429e+05  1.68720975e+01 -9.10052760e+01 
 1.71907220e+05  1.64797991e+01 -9.10623185e+01 
 1.79846488e+05  1.60874871e+01 -9.11215242e+01 
 1.88152418e+05  1.56951601e+01 -9.11830136e+01 
 1.96841945e+05  1.53028168e+01 -9.12469116e+01 
 2.05932784e+05  1.49104557e+01 -9.13133479e+01 
 2.15443469e+05  1.45180751e+01 -9.13824575e+01 
 2.25393390e+05  1.41256732e+01 -9.14543806e+01 
 2.35802834e+05  1.37332480e+01 -9.15292632e+01 
 2.46693021e+05  1.33407973e+01 -9.16072570e+01 
 2.58086154e+05  1.29483188e+01 -9.16885202e+01 
 2.70005462e+05  1.25558097e+01 -9.17732174e+01 
 2.82475244e+05  1.21632673e+01 -9.18615200e+01 
 2.95520924e+05  1.17706883e+01 -9.19536066e+01 
 3.09169098e+05  1.13780695e+01 -9.20496633e+01 
 3.23447591e+05  1.09854069e+01 -9.21498841e+01 
 3.38385515e+05  1.05926966e+01 -9.22544713e+01 
 3.54013324e+05  1.01999340e+01 -9.23636356e+01 
 3.70362879e+05  9.80711414e+00 -9.24775968e+01 
 3.87467512e+05  9.41423173e+00 -9.25965841e+01 
 4.05362096e+05  9.02128087e+00 -9.27208364e+01 
 4.24083114e+05  8.62825511e+00 -9.28506029e+01 
 4.43668733e+05  8.23514742e+00 -9.29861434e+01 
 4.64158883e+05  7.84195010e+00 -9.31277287e+01 
 4.85595339e+05  7.44865474e+00 -9.32756413e+01 
 5.08021805e+05  7.05525215e+00 -9.34301757e+01 
 5.31484001e+05  6.66173227e+00 -9.35916386e+01 
 5.56029763e+05  6.26808411e+00 -9.37603500e+01 
 5.81709133e+05  5.87429565e+00 -9.39366432e+01 
 6.08574464e+05  5.48035378e+00 -9.41208653e+01 
 6.36680529e+05  5.08624416e+00 -9.43133780e+01 
 6.66084629e+05  4.69195112e+00 -9.45145577e+01 
 6.96846712e+05  4.29745756e+00 -9.47247965e+01 
 7.29029493e+05  3.90274479e+00 -9.49445020e+01 
 7.62698586e+05  3.50779243e+00 -9.51740983e+01 
 7.97922634e+05  3.11257821e+00 -9.54140263e+01 
 8.34773449e+05  2.71707784e+00 -9.56647440e+01 
 8.73326162e+05  2.32126484e+00 -9.59267269e+01 
 9.13659373e+05  1.92511032e+00 -9.62004685e+01 
 9.55855309e+05  1.52858277e+00 -9.64864807e+01 
 1.00000000e+06  1.13164789e+00 -9.67852934e+01 
 1.04618344e+06  7.34268296e-01 -9.70974557e+01 
 1.09449980e+06  3.36403282e-01 -9.74235348e+01 
 1.14504757e+06 -6.19914372e-02 -9.77641172e+01 
 1.19792981e+06 -4.60964032e-01 -9.81198075e+01 
 1.25325434e+06 -8.60566862e-01 -9.84912288e+01 
 1.31113394e+06 -1.26085680e+00 -9.88790222e+01 
 1.37168662e+06 -1.66189560e+00 -9.92838460e+01 
 1.43503583e+06 -2.06375022e+00 -9.97063748e+01 
 1.50131073e+06 -2.46649323e+00 -1.00147299e+02 
 1.57064643e+06 -2.87020323e+00 -1.00607323e+02 
 1.64318429e+06 -3.27496521e+00 -1.01087164e+02 
 1.71907220e+06 -3.68087102e+00 -1.01587549e+02 
 1.79846488e+06 -4.08801975e+00 -1.02109214e+02 
 1.88152418e+06 -4.49651823e+00 -1.02652902e+02 
 1.96841945e+06 -4.90648140e+00 -1.03219355e+02 
 2.05932784e+06 -5.31803278e+00 -1.03809317e+02 
 2.15443469e+06 -5.73130483e+00 -1.04423526e+02 
 2.25393390e+06 -6.14643938e+00 -1.05062710e+02 
 2.35802834e+06 -6.56358796e+00 -1.05727580e+02 
 2.46693021e+06 -6.98291209e+00 -1.06418829e+02 
 2.58086154e+06 -7.40458350e+00 -1.07137118e+02 
 2.70005462e+06 -7.82878432e+00 -1.07883078e+02 
 2.82475244e+06 -8.25570711e+00 -1.08657292e+02 
 2.95520924e+06 -8.68555478e+00 -1.09460295e+02 
 3.09169098e+06 -9.11854042e+00 -1.10292560e+02 
 3.23447591e+06 -9.55488689e+00 -1.11154490e+02 
 3.38385515e+06 -9.99482632e+00 -1.12046407e+02 
 3.54013324e+06 -1.04385993e+01 -1.12968542e+02 
 3.70362879e+06 -1.08864538e+01 -1.13921026e+02 
 3.87467512e+06 -1.13386443e+01 -1.14903876e+02 
 4.05362096e+06 -1.17954295e+01 -1.15916987e+02 
 4.24083114e+06 -1.22570714e+01 -1.16960121e+02 
 4.43668733e+06 -1.27238325e+01 -1.18032901e+02 
 4.64158883e+06 -1.31959739e+01 -1.19134796e+02 
 4.85595339e+06 -1.36737520e+01 -1.20265122e+02 
 5.08021805e+06 -1.41574161e+01 -1.21423034e+02 
 5.31484001e+06 -1.46472050e+01 -1.22607523e+02 
 5.56029763e+06 -1.51433432e+01 -1.23817416e+02 
 5.81709133e+06 -1.56460378e+01 -1.25051381e+02 
 6.08574464e+06 -1.61554745e+01 -1.26307932e+02 
 6.36680529e+06 -1.66718141e+01 -1.27585438e+02 
 6.66084629e+06 -1.71951884e+01 -1.28882136e+02 
 6.96846712e+06 -1.77256971e+01 -1.30196149e+02 
 7.29029493e+06 -1.82634044e+01 -1.31525503e+02 
 7.62698586e+06 -1.88083357e+01 -1.32868156e+02 
 7.97922634e+06 -1.93604754e+01 -1.34222016e+02 
 8.34773449e+06 -1.99197644e+01 -1.35584977e+02 
 8.73326162e+06 -2.04860988e+01 -1.36954946e+02 
 9.13659373e+06 -2.10593287e+01 -1.38329875e+02 
 9.55855309e+06 -2.16392579e+01 -1.39707797e+02 
 1.00000000e+07 -2.22256439e+01 -1.41086854e+02 
 1.04618344e+07 -2.28181990e+01 -1.42465335e+02 
 1.09449980e+07 -2.34165912e+01 -1.43841704e+02 
 1.14504757e+07 -2.40204469e+01 -1.45214630e+02 
 1.19792981e+07 -2.46293524e+01 -1.46583015e+02 
 1.25325434e+07 -2.52428576e+01 -1.47946021e+02 
 1.31113394e+07 -2.58604786e+01 -1.49303088e+02 
 1.37168662e+07 -2.64817015e+01 -1.50653957e+02 
 1.43503583e+07 -2.71059860e+01 -1.51998681e+02 
 1.50131073e+07 -2.77327694e+01 -1.53337643e+02 
 1.57064643e+07 -2.83614706e+01 -1.54671561e+02 
 1.64318429e+07 -2.89914941e+01 -1.56001494e+02 
 1.71907220e+07 -2.96222341e+01 -1.57328844e+02 
 1.79846488e+07 -3.02530789e+01 -1.58655358e+02 
 1.88152418e+07 -3.08834146e+01 -1.59983119e+02 
 1.96841945e+07 -3.15126292e+01 -1.61314539e+02 
 2.05932784e+07 -3.21401168e+01 -1.62652350e+02 
 2.15443469e+07 -3.27652812e+01 -1.63999587e+02 
 2.25393390e+07 -3.33875400e+01 -1.65359568e+02 
 2.35802834e+07 -3.40063276e+01 -1.66735873e+02 
 2.46693021e+07 -3.46210992e+01 -1.68132317e+02 
 2.58086154e+07 -3.52313338e+01 -1.69552916e+02 
 2.70005462e+07 -3.58365371e+01 -1.71001854e+02 
 2.82475244e+07 -3.64362439e+01 -1.72483444e+02 
 2.95520924e+07 -3.70300205e+01 -1.74002080e+02 
 3.09169098e+07 -3.76174664e+01 -1.75562190e+02 
 3.23447591e+07 -3.81982148e+01 -1.77168186e+02 
 3.38385515e+07 -3.87719339e+01 -1.78824404e+02 
 3.54013324e+07 -3.93383261e+01  1.79464951e+02 
 3.70362879e+07 -3.98971270e+01  1.77695866e+02 
 3.87467512e+07 -4.04481041e+01  1.75864582e+02 
 4.05362096e+07 -4.09910540e+01  1.73967651e+02 
 4.24083114e+07 -4.15257993e+01  1.72001996e+02 
 4.43668733e+07 -4.20521853e+01  1.69964967e+02 
 4.64158883e+07 -4.25700750e+01  1.67854392e+02 
 4.85595339e+07 -4.30793454e+01  1.65668619e+02 
 5.08021805e+07 -4.35798824e+01  1.63406556e+02 
 5.31484001e+07 -4.40715759e+01  1.61067703e+02 
 5.56029763e+07 -4.45543158e+01  1.58652173e+02 
 5.81709133e+07 -4.50279874e+01  1.56160704e+02 
 6.08574464e+07 -4.54924682e+01  1.53594664e+02 
 6.36680529e+07 -4.59476250e+01  1.50956043e+02 
 6.66084629e+07 -4.63933120e+01  1.48247444e+02 
 6.96846712e+07 -4.68293694e+01  1.45472053e+02 
 7.29029493e+07 -4.72556238e+01  1.42633613e+02 
 7.62698586e+07 -4.76718889e+01  1.39736383e+02 
 7.97922634e+07 -4.80779671e+01  1.36785093e+02 
 8.34773449e+07 -4.84736527e+01  1.33784896e+02 
 8.73326162e+07 -4.88587349e+01  1.30741313e+02 
 9.13659373e+07 -4.92330019e+01  1.27660175e+02 
 9.55855309e+07 -4.95962459e+01  1.24547565e+02 
 1.00000000e+08 -4.99482674e+01  1.21409755e+02 
