 v-sweep         Vout           
-2.00000000e-05  4.60307019e-01 
-1.99400000e-05  4.60488739e-01 
-1.98800000e-05  4.60670260e-01 
-1.98200000e-05  4.60851949e-01 
-1.97600000e-05  4.61033818e-01 
-1.97000000e-05  4.61215841e-01 
-1.96400000e-05  4.61398040e-01 
-1.95800000e-05  4.61580398e-01 
-1.95200000e-05  4.61762920e-01 
-1.94600000e-05  4.61945595e-01 
-1.94000000e-05  4.62128438e-01 
-1.93400000e-05  4.62311425e-01 
-1.92800000e-05  4.62494581e-01 
-1.92200000e-05  4.62677878e-01 
-1.91600000e-05  4.62861332e-01 
-1.91000000e-05  4.63044934e-01 
-1.90400000e-05  4.63228686e-01 
-1.89800000e-05  4.63412588e-01 
-1.89200000e-05  4.63596630e-01 
-1.88600000e-05  4.63780821e-01 
-1.88000000e-05  4.63965143e-01 
-1.87400000e-05  4.64149617e-01 
-1.86800000e-05  4.64334227e-01 
-1.86200000e-05  4.64518972e-01 
-1.85600000e-05  4.64703855e-01 
-1.85000000e-05  4.64888864e-01 
-1.84400000e-05  4.65074018e-01 
-1.83800000e-05  4.65259290e-01 
-1.83200000e-05  4.65444705e-01 
-1.82600000e-05  4.65630243e-01 
-1.82000000e-05  4.65815903e-01 
-1.81400000e-05  4.66001701e-01 
-1.80800000e-05  4.66187603e-01 
-1.80200000e-05  4.66373644e-01 
-1.79600000e-05  4.66559797e-01 
-1.79000000e-05  4.66746065e-01 
-1.78400000e-05  4.66932463e-01 
-1.77800000e-05  4.67118968e-01 
-1.77200000e-05  4.67305593e-01 
-1.76600000e-05  4.67492337e-01 
-1.76000000e-05  4.67679179e-01 
-1.75400000e-05  4.67866144e-01 
-1.74800000e-05  4.68053214e-01 
-1.74200000e-05  4.68240390e-01 
-1.73600000e-05  4.68427680e-01 
-1.73000000e-05  4.68615072e-01 
-1.72400000e-05  4.68802570e-01 
-1.71800000e-05  4.68990170e-01 
-1.71200000e-05  4.69177872e-01 
-1.70600000e-05  4.69365672e-01 
-1.70000000e-05  4.69553577e-01 
-1.69400000e-05  4.69741573e-01 
-1.68800000e-05  4.69929676e-01 
-1.68200000e-05  4.70117866e-01 
-1.67600000e-05  4.70306149e-01 
-1.67000000e-05  4.70494533e-01 
-1.66400000e-05  4.70683007e-01 
-1.65800000e-05  4.70871570e-01 
-1.65200000e-05  4.71060229e-01 
-1.64600000e-05  4.71248965e-01 
-1.64000000e-05  4.71437804e-01 
-1.63400000e-05  4.71626714e-01 
-1.62800000e-05  4.71815718e-01 
-1.62200000e-05  4.72004810e-01 
-1.61600000e-05  4.72193978e-01 
-1.61000000e-05  4.72383234e-01 
-1.60400000e-05  4.72572571e-01 
-1.59800000e-05  4.72761981e-01 
-1.59200000e-05  4.72951481e-01 
-1.58600000e-05  4.73141046e-01 
-1.58000000e-05  4.73330700e-01 
-1.57400000e-05  4.73520430e-01 
-1.56800000e-05  4.73710225e-01 
-1.56200000e-05  4.73900108e-01 
-1.55600000e-05  4.74090055e-01 
-1.55000000e-05  4.74280072e-01 
-1.54400000e-05  4.74470165e-01 
-1.53800000e-05  4.74660328e-01 
-1.53200000e-05  4.74850563e-01 
-1.52600000e-05  4.75040866e-01 
-1.52000000e-05  4.75231232e-01 
-1.51400000e-05  4.75421672e-01 
-1.50800000e-05  4.75612171e-01 
-1.50200000e-05  4.75802744e-01 
-1.49600000e-05  4.75993372e-01 
-1.49000000e-05  4.76184067e-01 
-1.48400000e-05  4.76374832e-01 
-1.47800000e-05  4.76565654e-01 
-1.47200000e-05  4.76756535e-01 
-1.46600000e-05  4.76947473e-01 
-1.46000000e-05  4.77138482e-01 
-1.45400000e-05  4.77329535e-01 
-1.44800000e-05  4.77520658e-01 
-1.44200000e-05  4.77711828e-01 
-1.43600000e-05  4.77903065e-01 
-1.43000000e-05  4.78094352e-01 
-1.42400000e-05  4.78285699e-01 
-1.41800000e-05  4.78477098e-01 
-1.41200000e-05  4.78668555e-01 
-1.40600000e-05  4.78860049e-01 
-1.40000000e-05  4.79051612e-01 
-1.39400000e-05  4.79243221e-01 
-1.38800000e-05  4.79434888e-01 
-1.38200000e-05  4.79626593e-01 
-1.37600000e-05  4.79818355e-01 
-1.37000000e-05  4.80010166e-01 
-1.36400000e-05  4.80202020e-01 
-1.35800000e-05  4.80393932e-01 
-1.35200000e-05  4.80585885e-01 
-1.34600000e-05  4.80777883e-01 
-1.34000000e-05  4.80969933e-01 
-1.33400000e-05  4.81162024e-01 
-1.32800000e-05  4.81354157e-01 
-1.32200000e-05  4.81546341e-01 
-1.31600000e-05  4.81738559e-01 
-1.31000000e-05  4.81930831e-01 
-1.30400000e-05  4.82123145e-01 
-1.29800000e-05  4.82315500e-01 
-1.29200000e-05  4.82507889e-01 
-1.28600000e-05  4.82700330e-01 
-1.28000000e-05  4.82892799e-01 
-1.27400000e-05  4.83085315e-01 
-1.26800000e-05  4.83277870e-01 
-1.26200000e-05  4.83470474e-01 
-1.25600000e-05  4.83663106e-01 
-1.25000000e-05  4.83855775e-01 
-1.24400000e-05  4.84048490e-01 
-1.23800000e-05  4.84241231e-01 
-1.23200000e-05  4.84434024e-01 
-1.22600000e-05  4.84626842e-01 
-1.22000000e-05  4.84819694e-01 
-1.21400000e-05  4.85012587e-01 
-1.20800000e-05  4.85205508e-01 
-1.20200000e-05  4.85398475e-01 
-1.19600000e-05  4.85591467e-01 
-1.19000000e-05  4.85784498e-01 
-1.18400000e-05  4.85977556e-01 
-1.17800000e-05  4.86170658e-01 
-1.17200000e-05  4.86363783e-01 
-1.16600000e-05  4.86556944e-01 
-1.16000000e-05  4.86750140e-01 
-1.15400000e-05  4.86943359e-01 
-1.14800000e-05  4.87136618e-01 
-1.14200000e-05  4.87329908e-01 
-1.13600000e-05  4.87523218e-01 
-1.13000000e-05  4.87716574e-01 
-1.12400000e-05  4.87909937e-01 
-1.11800000e-05  4.88103348e-01 
-1.11200000e-05  4.88296787e-01 
-1.10600000e-05  4.88490247e-01 
-1.10000000e-05  4.88683746e-01 
-1.09400000e-05  4.88877262e-01 
-1.08800000e-05  4.89070807e-01 
-1.08200000e-05  4.89264374e-01 
-1.07600000e-05  4.89457985e-01 
-1.07000000e-05  4.89651617e-01 
-1.06400000e-05  4.89845268e-01 
-1.05800000e-05  4.90038958e-01 
-1.05200000e-05  4.90232666e-01 
-1.04600000e-05  4.90426399e-01 
-1.04000000e-05  4.90620155e-01 
-1.03400000e-05  4.90813945e-01 
-1.02800000e-05  4.91007750e-01 
-1.02200000e-05  4.91201593e-01 
-1.01600000e-05  4.91395451e-01 
-1.01000000e-05  4.91589330e-01 
-1.00400000e-05  4.91783240e-01 
-9.98000000e-06  4.91977182e-01 
-9.92000000e-06  4.92171132e-01 
-9.86000000e-06  4.92365109e-01 
-9.80000000e-06  4.92559115e-01 
-9.74000000e-06  4.92753136e-01 
-9.68000000e-06  4.92947187e-01 
-9.62000000e-06  4.93141258e-01 
-9.56000000e-06  4.93335356e-01 
-9.50000000e-06  4.93529461e-01 
-9.44000000e-06  4.93723607e-01 
-9.38000000e-06  4.93917764e-01 
-9.32000000e-06  4.94111946e-01 
-9.26000000e-06  4.94306147e-01 
-9.20000000e-06  4.94500364e-01 
-9.14000000e-06  4.94694612e-01 
-9.08000000e-06  4.94888870e-01 
-9.02000000e-06  4.95083159e-01 
-8.96000000e-06  4.95277456e-01 
-8.90000000e-06  4.95471786e-01 
-8.84000000e-06  4.95666133e-01 
-8.78000000e-06  4.95860501e-01 
-8.72000000e-06  4.96054886e-01 
-8.66000000e-06  4.96249285e-01 
-8.60000000e-06  4.96443709e-01 
-8.54000000e-06  4.96638152e-01 
-8.48000000e-06  4.96832627e-01 
-8.42000000e-06  4.97027101e-01 
-8.36000000e-06  4.97221601e-01 
-8.30000000e-06  4.97416119e-01 
-8.24000000e-06  4.97610653e-01 
-8.18000000e-06  4.97805219e-01 
-8.12000000e-06  4.97999792e-01 
-8.06000000e-06  4.98194385e-01 
-8.00000000e-06  4.98388992e-01 
-7.94000000e-06  4.98583625e-01 
-7.88000000e-06  4.98778277e-01 
-7.82000000e-06  4.98972937e-01 
-7.76000000e-06  4.99167620e-01 
-7.70000000e-06  4.99362321e-01 
-7.64000000e-06  4.99557030e-01 
-7.58000000e-06  4.99751771e-01 
-7.52000000e-06  4.99946528e-01 
-7.46000000e-06  5.00141293e-01 
-7.40000000e-06  5.00336081e-01 
-7.34000000e-06  5.00530883e-01 
-7.28000000e-06  5.00725703e-01 
-7.22000000e-06  5.00920538e-01 
-7.16000000e-06  5.01115400e-01 
-7.10000000e-06  5.01310262e-01 
-7.04000000e-06  5.01505156e-01 
-6.98000000e-06  5.01700054e-01 
-6.92000000e-06  5.01894972e-01 
-6.86000000e-06  5.02089910e-01 
-6.80000000e-06  5.02284869e-01 
-6.74000000e-06  5.02479830e-01 
-6.68000000e-06  5.02674818e-01 
-6.62000000e-06  5.02869820e-01 
-6.56000000e-06  5.03064834e-01 
-6.50000000e-06  5.03259870e-01 
-6.44000000e-06  5.03454921e-01 
-6.38000000e-06  5.03649983e-01 
-6.32000000e-06  5.03845056e-01 
-6.26000000e-06  5.04040157e-01 
-6.20000000e-06  5.04235262e-01 
-6.14000000e-06  5.04430397e-01 
-6.08000000e-06  5.04625531e-01 
-6.02000000e-06  5.04820688e-01 
-5.96000000e-06  5.05015865e-01 
-5.90000000e-06  5.05211055e-01 
-5.84000000e-06  5.05406263e-01 
-5.78000000e-06  5.05601471e-01 
-5.72000000e-06  5.05796706e-01 
-5.66000000e-06  5.05991948e-01 
-5.60000000e-06  5.06187224e-01 
-5.54000000e-06  5.06382496e-01 
-5.48000000e-06  5.06577794e-01 
-5.42000000e-06  5.06773103e-01 
-5.36000000e-06  5.06968428e-01 
-5.30000000e-06  5.07163763e-01 
-5.24000000e-06  5.07359124e-01 
-5.18000000e-06  5.07554495e-01 
-5.12000000e-06  5.07749876e-01 
-5.06000000e-06  5.07945273e-01 
-5.00000000e-06  5.08140681e-01 
-4.94000000e-06  5.08336113e-01 
-4.88000000e-06  5.08531559e-01 
-4.82000000e-06  5.08727020e-01 
-4.76000000e-06  5.08922483e-01 
-4.70000000e-06  5.09117980e-01 
-4.64000000e-06  5.09313475e-01 
-4.58000000e-06  5.09508994e-01 
-4.52000000e-06  5.09704525e-01 
-4.46000000e-06  5.09900072e-01 
-4.40000000e-06  5.10095635e-01 
-4.34000000e-06  5.10291207e-01 
-4.28000000e-06  5.10486800e-01 
-4.22000000e-06  5.10682399e-01 
-4.16000000e-06  5.10878021e-01 
-4.10000000e-06  5.11073653e-01 
-4.04000000e-06  5.11269301e-01 
-3.98000000e-06  5.11464968e-01 
-3.92000000e-06  5.11660644e-01 
-3.86000000e-06  5.11856334e-01 
-3.80000000e-06  5.12052036e-01 
-3.74000000e-06  5.12247754e-01 
-3.68000000e-06  5.12443501e-01 
-3.62000000e-06  5.12639244e-01 
-3.56000000e-06  5.12835011e-01 
-3.50000000e-06  5.13030794e-01 
-3.44000000e-06  5.13226585e-01 
-3.38000000e-06  5.13422394e-01 
-3.32000000e-06  5.13618217e-01 
-3.26000000e-06  5.13814058e-01 
-3.20000000e-06  5.14009901e-01 
-3.14000000e-06  5.14205767e-01 
-3.08000000e-06  5.14401654e-01 
-3.02000000e-06  5.14597548e-01 
-2.96000000e-06  5.14793458e-01 
-2.90000000e-06  5.14989391e-01 
-2.84000000e-06  5.15185326e-01 
-2.78000000e-06  5.15381284e-01 
-2.72000000e-06  5.15577250e-01 
-2.66000000e-06  5.15773235e-01 
-2.60000000e-06  5.15969232e-01 
-2.54000000e-06  5.16165239e-01 
-2.48000000e-06  5.16361272e-01 
-2.42000000e-06  5.16557324e-01 
-2.36000000e-06  5.16753376e-01 
-2.30000000e-06  5.16949445e-01 
-2.24000000e-06  5.17145530e-01 
-2.18000000e-06  5.17341630e-01 
-2.12000000e-06  5.17537753e-01 
-2.06000000e-06  5.17733883e-01 
-2.00000000e-06  5.17930028e-01 
-1.94000000e-06  5.18126192e-01 
-1.88000000e-06  5.18322364e-01 
-1.82000000e-06  5.18518551e-01 
-1.76000000e-06  5.18714756e-01 
-1.70000000e-06  5.18910979e-01 
-1.64000000e-06  5.19107213e-01 
-1.58000000e-06  5.19303468e-01 
-1.52000000e-06  5.19499733e-01 
-1.46000000e-06  5.19696015e-01 
-1.40000000e-06  5.19892314e-01 
-1.34000000e-06  5.20088621e-01 
-1.28000000e-06  5.20284951e-01 
-1.22000000e-06  5.20481282e-01 
-1.16000000e-06  5.20677642e-01 
-1.10000000e-06  5.20874010e-01 
-1.04000000e-06  5.21070393e-01 
-9.80000000e-07  5.21266798e-01 
-9.20000000e-07  5.21463208e-01 
-8.60000000e-07  5.21659645e-01 
-8.00000000e-07  5.21856091e-01 
-7.40000000e-07  5.22052555e-01 
-6.80000000e-07  5.22249040e-01 
-6.20000000e-07  5.22445528e-01 
-5.60000000e-07  5.22642033e-01 
-5.00000000e-07  5.22838559e-01 
-4.40000000e-07  5.23035096e-01 
-3.80000000e-07  5.23231650e-01 
-3.20000000e-07  5.23428223e-01 
-2.60000000e-07  5.23624811e-01 
-2.00000000e-07  5.23821415e-01 
-1.40000000e-07  5.24018029e-01 
-8.00000000e-08  5.24214658e-01 
-2.00000000e-08  5.24411303e-01 
 4.00000000e-08  5.24607973e-01 
 1.00000000e-07  5.24804651e-01 
 1.60000000e-07  5.25001348e-01 
 2.20000000e-07  5.25198058e-01 
 2.80000000e-07  5.25394782e-01 
 3.40000000e-07  5.25591524e-01 
 4.00000000e-07  5.25788280e-01 
 4.60000000e-07  5.25985062e-01 
 5.20000000e-07  5.26181854e-01 
 5.80000000e-07  5.26378650e-01 
 6.40000000e-07  5.26575479e-01 
 7.00000000e-07  5.26772316e-01 
 7.60000000e-07  5.26969169e-01 
 8.20000000e-07  5.27166044e-01 
 8.80000000e-07  5.27362927e-01 
 9.40000000e-07  5.27559828e-01 
 1.00000000e-06  5.27756750e-01 
 1.06000000e-06  5.27953676e-01 
 1.12000000e-06  5.28150630e-01 
 1.18000000e-06  5.28347600e-01 
 1.24000000e-06  5.28544587e-01 
 1.30000000e-06  5.28741587e-01 
 1.36000000e-06  5.28938599e-01 
 1.42000000e-06  5.29135639e-01 
 1.48000000e-06  5.29332679e-01 
 1.54000000e-06  5.29529745e-01 
 1.60000000e-06  5.29726828e-01 
 1.66000000e-06  5.29923930e-01 
 1.72000000e-06  5.30121041e-01 
 1.78000000e-06  5.30318168e-01 
 1.84000000e-06  5.30515320e-01 
 1.90000000e-06  5.30712485e-01 
 1.96000000e-06  5.30909667e-01 
 2.02000000e-06  5.31106862e-01 
 2.08000000e-06  5.31304079e-01 
 2.14000000e-06  5.31501314e-01 
 2.20000000e-06  5.31698555e-01 
 2.26000000e-06  5.31895827e-01 
 2.32000000e-06  5.32093109e-01 
 2.38000000e-06  5.32290408e-01 
 2.44000000e-06  5.32487723e-01 
 2.50000000e-06  5.32685048e-01 
 2.56000000e-06  5.32882399e-01 
 2.62000000e-06  5.33079773e-01 
 2.68000000e-06  5.33277154e-01 
 2.74000000e-06  5.33474553e-01 
 2.80000000e-06  5.33671974e-01 
 2.86000000e-06  5.33869411e-01 
 2.92000000e-06  5.34066854e-01 
 2.98000000e-06  5.34264328e-01 
 3.04000000e-06  5.34461812e-01 
 3.10000000e-06  5.34659318e-01 
 3.16000000e-06  5.34856839e-01 
 3.22000000e-06  5.35054381e-01 
 3.28000000e-06  5.35251934e-01 
 3.34000000e-06  5.35449511e-01 
 3.40000000e-06  5.35647096e-01 
 3.46000000e-06  5.35844701e-01 
 3.52000000e-06  5.36042326e-01 
 3.58000000e-06  5.36239969e-01 
 3.64000000e-06  5.36437631e-01 
 3.70000000e-06  5.36635316e-01 
 3.76000000e-06  5.36833009e-01 
 3.82000000e-06  5.37030725e-01 
 3.88000000e-06  5.37228453e-01 
 3.94000000e-06  5.37426199e-01 
 4.00000000e-06  5.37623958e-01 
 4.06000000e-06  5.37821746e-01 
 4.12000000e-06  5.38019548e-01 
 4.18000000e-06  5.38217371e-01 
 4.24000000e-06  5.38415205e-01 
 4.30000000e-06  5.38613066e-01 
 4.36000000e-06  5.38810939e-01 
 4.42000000e-06  5.39008833e-01 
 4.48000000e-06  5.39206738e-01 
 4.54000000e-06  5.39404665e-01 
 4.60000000e-06  5.39602611e-01 
 4.66000000e-06  5.39800580e-01 
 4.72000000e-06  5.39998556e-01 
 4.78000000e-06  5.40196561e-01 
 4.84000000e-06  5.40394572e-01 
 4.90000000e-06  5.40592607e-01 
 4.96000000e-06  5.40790662e-01 
 5.02000000e-06  5.40988738e-01 
 5.08000000e-06  5.41186828e-01 
 5.14000000e-06  5.41384947e-01 
 5.20000000e-06  5.41583066e-01 
 5.26000000e-06  5.41781216e-01 
 5.32000000e-06  5.41979372e-01 
 5.38000000e-06  5.42177554e-01 
 5.44000000e-06  5.42375763e-01 
 5.50000000e-06  5.42573978e-01 
 5.56000000e-06  5.42772219e-01 
 5.62000000e-06  5.42970470e-01 
 5.68000000e-06  5.43168748e-01 
 5.74000000e-06  5.43367039e-01 
 5.80000000e-06  5.43565358e-01 
 5.86000000e-06  5.43763686e-01 
 5.92000000e-06  5.43962040e-01 
 5.98000000e-06  5.44160407e-01 
 6.04000000e-06  5.44358790e-01 
 6.10000000e-06  5.44557202e-01 
 6.16000000e-06  5.44755627e-01 
 6.22000000e-06  5.44954067e-01 
 6.28000000e-06  5.45152522e-01 
 6.34000000e-06  5.45351013e-01 
 6.40000000e-06  5.45549512e-01 
 6.46000000e-06  5.45748034e-01 
 6.52000000e-06  5.45946569e-01 
 6.58000000e-06  5.46145130e-01 
 6.64000000e-06  5.46343706e-01 
 6.70000000e-06  5.46542298e-01 
 6.76000000e-06  5.46740914e-01 
 6.82000000e-06  5.46939544e-01 
 6.88000000e-06  5.47138199e-01 
 6.94000000e-06  5.47336871e-01 
 7.00000000e-06  5.47535562e-01 
 7.06000000e-06  5.47734272e-01 
 7.12000000e-06  5.47933002e-01 
 7.18000000e-06  5.48131748e-01 
 7.24000000e-06  5.48330519e-01 
 7.30000000e-06  5.48529303e-01 
 7.36000000e-06  5.48728112e-01 
 7.42000000e-06  5.48926932e-01 
 7.48000000e-06  5.49125784e-01 
 7.54000000e-06  5.49324646e-01 
 7.60000000e-06  5.49523526e-01 
 7.66000000e-06  5.49722438e-01 
 7.72000000e-06  5.49921351e-01 
 7.78000000e-06  5.50120304e-01 
 7.84000000e-06  5.50319256e-01 
 7.90000000e-06  5.50518241e-01 
 7.96000000e-06  5.50717234e-01 
 8.02000000e-06  5.50916261e-01 
 8.08000000e-06  5.51115298e-01 
 8.14000000e-06  5.51314360e-01 
 8.20000000e-06  5.51513443e-01 
 8.26000000e-06  5.51712535e-01 
 8.32000000e-06  5.51911654e-01 
 8.38000000e-06  5.52110789e-01 
 8.44000000e-06  5.52309947e-01 
 8.50000000e-06  5.52509128e-01 
 8.56000000e-06  5.52708323e-01 
 8.62000000e-06  5.52907541e-01 
 8.68000000e-06  5.53106775e-01 
 8.74000000e-06  5.53306042e-01 
 8.80000000e-06  5.53505308e-01 
 8.86000000e-06  5.53704612e-01 
 8.92000000e-06  5.53903922e-01 
 8.98000000e-06  5.54103264e-01 
 9.04000000e-06  5.54302615e-01 
 9.10000000e-06  5.54501989e-01 
 9.16000000e-06  5.54701390e-01 
 9.22000000e-06  5.54900801e-01 
 9.28000000e-06  5.55100239e-01 
 9.34000000e-06  5.55299698e-01 
 9.40000000e-06  5.55499176e-01 
 9.46000000e-06  5.55698673e-01 
 9.52000000e-06  5.55898187e-01 
 9.58000000e-06  5.56097719e-01 
 9.64000000e-06  5.56297275e-01 
 9.70000000e-06  5.56496854e-01 
 9.76000000e-06  5.56696445e-01 
 9.82000000e-06  5.56896061e-01 
 9.88000000e-06  5.57095702e-01 
 9.94000000e-06  5.57295357e-01 
 1.00000000e-05  5.57495035e-01 
 1.00600000e-05  5.57694737e-01 
 1.01200000e-05  5.57894448e-01 
 1.01800000e-05  5.58094186e-01 
 1.02400000e-05  5.58293949e-01 
 1.03000000e-05  5.58493724e-01 
 1.03600000e-05  5.58693522e-01 
 1.04200000e-05  5.58893342e-01 
 1.04800000e-05  5.59093179e-01 
 1.05400000e-05  5.59293042e-01 
 1.06000000e-05  5.59492921e-01 
 1.06600000e-05  5.59692820e-01 
 1.07200000e-05  5.59892744e-01 
 1.07800000e-05  5.60092684e-01 
 1.08400000e-05  5.60292646e-01 
 1.09000000e-05  5.60492625e-01 
 1.09600000e-05  5.60692628e-01 
 1.10200000e-05  5.60892649e-01 
 1.10800000e-05  5.61092700e-01 
 1.11400000e-05  5.61292760e-01 
 1.12000000e-05  5.61492847e-01 
 1.12600000e-05  5.61692948e-01 
 1.13200000e-05  5.61893072e-01 
 1.13800000e-05  5.62093220e-01 
 1.14400000e-05  5.62293384e-01 
 1.15000000e-05  5.62493571e-01 
 1.15600000e-05  5.62693781e-01 
 1.16200000e-05  5.62894006e-01 
 1.16800000e-05  5.63094260e-01 
 1.17400000e-05  5.63294521e-01 
 1.18000000e-05  5.63494818e-01 
 1.18600000e-05  5.63695123e-01 
 1.19200000e-05  5.63895455e-01 
 1.19800000e-05  5.64095806e-01 
 1.20400000e-05  5.64296180e-01 
 1.21000000e-05  5.64496576e-01 
 1.21600000e-05  5.64696984e-01 
 1.22200000e-05  5.64897422e-01 
 1.22800000e-05  5.65097873e-01 
 1.23400000e-05  5.65298348e-01 
 1.24000000e-05  5.65498848e-01 
 1.24600000e-05  5.65699368e-01 
 1.25200000e-05  5.65899906e-01 
 1.25800000e-05  5.66100463e-01 
 1.26400000e-05  5.66301038e-01 
 1.27000000e-05  5.66501641e-01 
 1.27600000e-05  5.66702266e-01 
 1.28200000e-05  5.66902907e-01 
 1.28800000e-05  5.67103567e-01 
 1.29400000e-05  5.67304249e-01 
 1.30000000e-05  5.67504949e-01 
 1.30600000e-05  5.67705679e-01 
 1.31200000e-05  5.67906422e-01 
 1.31800000e-05  5.68107193e-01 
 1.32400000e-05  5.68307975e-01 
 1.33000000e-05  5.68508786e-01 
 1.33600000e-05  5.68709616e-01 
 1.34200000e-05  5.68910457e-01 
 1.34800000e-05  5.69111329e-01 
 1.35400000e-05  5.69312223e-01 
 1.36000000e-05  5.69513130e-01 
 1.36600000e-05  5.69714073e-01 
 1.37200000e-05  5.69915026e-01 
 1.37800000e-05  5.70116001e-01 
 1.38400000e-05  5.70316989e-01 
 1.39000000e-05  5.70518015e-01 
 1.39600000e-05  5.70719045e-01 
 1.40200000e-05  5.70920100e-01 
 1.40800000e-05  5.71121180e-01 
 1.41400000e-05  5.71322283e-01 
 1.42000000e-05  5.71523406e-01 
 1.42600000e-05  5.71724540e-01 
 1.43200000e-05  5.71925707e-01 
 1.43800000e-05  5.72126885e-01 
 1.44400000e-05  5.72328097e-01 
 1.45000000e-05  5.72529315e-01 
 1.45600000e-05  5.72730566e-01 
 1.46200000e-05  5.72931833e-01 
 1.46800000e-05  5.73133121e-01 
 1.47400000e-05  5.73334430e-01 
 1.48000000e-05  5.73535757e-01 
 1.48600000e-05  5.73737112e-01 
 1.49200000e-05  5.73938482e-01 
 1.49800000e-05  5.74139868e-01 
 1.50400000e-05  5.74341283e-01 
 1.51000000e-05  5.74542716e-01 
 1.51600000e-05  5.74744178e-01 
 1.52200000e-05  5.74945643e-01 
 1.52800000e-05  5.75147146e-01 
 1.53400000e-05  5.75348656e-01 
 1.54000000e-05  5.75550205e-01 
 1.54600000e-05  5.75751767e-01 
 1.55200000e-05  5.75953339e-01 
 1.55800000e-05  5.76154948e-01 
 1.56400000e-05  5.76356560e-01 
 1.57000000e-05  5.76558210e-01 
 1.57600000e-05  5.76759867e-01 
 1.58200000e-05  5.76961554e-01 
 1.58800000e-05  5.77163252e-01 
 1.59400000e-05  5.77364986e-01 
 1.60000000e-05  5.77566738e-01 
 1.60600000e-05  5.77768504e-01 
 1.61200000e-05  5.77970298e-01 
 1.61800000e-05  5.78172104e-01 
 1.62400000e-05  5.78373934e-01 
 1.63000000e-05  5.78575780e-01 
 1.63600000e-05  5.78777653e-01 
 1.64200000e-05  5.78979546e-01 
 1.64800000e-05  5.79181455e-01 
 1.65400000e-05  5.79383400e-01 
 1.66000000e-05  5.79585348e-01 
 1.66600000e-05  5.79787326e-01 
 1.67200000e-05  5.79989316e-01 
 1.67800000e-05  5.80191334e-01 
 1.68400000e-05  5.80393368e-01 
 1.69000000e-05  5.80595428e-01 
 1.69600000e-05  5.80797501e-01 
 1.70200000e-05  5.80999599e-01 
 1.70800000e-05  5.81201709e-01 
 1.71400000e-05  5.81403840e-01 
 1.72000000e-05  5.81605990e-01 
 1.72600000e-05  5.81808156e-01 
 1.73200000e-05  5.82010349e-01 
 1.73800000e-05  5.82212562e-01 
 1.74400000e-05  5.82414790e-01 
 1.75000000e-05  5.82617036e-01 
 1.75600000e-05  5.82819300e-01 
 1.76200000e-05  5.83021588e-01 
 1.76800000e-05  5.83223899e-01 
 1.77400000e-05  5.83426216e-01 
 1.78000000e-05  5.83628563e-01 
 1.78600000e-05  5.83830920e-01 
 1.79200000e-05  5.84033306e-01 
 1.79800000e-05  5.84235706e-01 
 1.80400000e-05  5.84438123e-01 
 1.81000000e-05  5.84640554e-01 
 1.81600000e-05  5.84843018e-01 
 1.82200000e-05  5.85045493e-01 
 1.82800000e-05  5.85247991e-01 
 1.83400000e-05  5.85450508e-01 
 1.84000000e-05  5.85653043e-01 
 1.84600000e-05  5.85855590e-01 
 1.85200000e-05  5.86058160e-01 
 1.85800000e-05  5.86260756e-01 
 1.86400000e-05  5.86463362e-01 
 1.87000000e-05  5.86665990e-01 
 1.87600000e-05  5.86868649e-01 
 1.88200000e-05  5.87071307e-01 
 1.88800000e-05  5.87273998e-01 
 1.89400000e-05  5.87476695e-01 
 1.90000000e-05  5.87679421e-01 
 1.90600000e-05  5.87882157e-01 
 1.91200000e-05  5.88084924e-01 
 1.91800000e-05  5.88287694e-01 
 1.92400000e-05  5.88490496e-01 
 1.93000000e-05  5.88693313e-01 
 1.93600000e-05  5.88896148e-01 
 1.94200000e-05  5.89099012e-01 
 1.94800000e-05  5.89301879e-01 
 1.95400000e-05  5.89504762e-01 
 1.96000000e-05  5.89707675e-01 
 1.96600000e-05  5.89910614e-01 
 1.97200000e-05  5.90113562e-01 
 1.97800000e-05  5.90316526e-01 
 1.98400000e-05  5.90519514e-01 
 1.99000000e-05  5.90722515e-01 
 1.99600000e-05  5.90925538e-01 
 2.00200000e-05  5.91128582e-01 
 2.00800000e-05  5.91331644e-01 
 2.01400000e-05  5.91534714e-01 
 2.02000000e-05  5.91737820e-01 
 2.02600000e-05  5.91940939e-01 
 2.03200000e-05  5.92144067e-01 
 2.03800000e-05  5.92347219e-01 
 2.04400000e-05  5.92550395e-01 
 2.05000000e-05  5.92753585e-01 
 2.05600000e-05  5.92956787e-01 
 2.06200000e-05  5.93160015e-01 
 2.06800000e-05  5.93363264e-01 
 2.07400000e-05  5.93566524e-01 
 2.08000000e-05  5.93769811e-01 
 2.08600000e-05  5.93973108e-01 
 2.09200000e-05  5.94176431e-01 
 2.09800000e-05  5.94379768e-01 
 2.10400000e-05  5.94583118e-01 
 2.11000000e-05  5.94786490e-01 
 2.11600000e-05  5.94989882e-01 
 2.12200000e-05  5.95193301e-01 
 2.12800000e-05  5.95396722e-01 
 2.13400000e-05  5.95600171e-01 
 2.14000000e-05  5.95803634e-01 
 2.14600000e-05  5.96007124e-01 
 2.15200000e-05  5.96210621e-01 
 2.15800000e-05  5.96414141e-01 
 2.16400000e-05  5.96617681e-01 
 2.17000000e-05  5.96821234e-01 
 2.17600000e-05  5.97024809e-01 
 2.18200000e-05  5.97228400e-01 
 2.18800000e-05  5.97432012e-01 
 2.19400000e-05  5.97635640e-01 
 2.20000000e-05  5.97839281e-01 
 2.20600000e-05  5.98042951e-01 
 2.21200000e-05  5.98246633e-01 
 2.21800000e-05  5.98450326e-01 
 2.22400000e-05  5.98654046e-01 
 2.23000000e-05  5.98857785e-01 
 2.23600000e-05  5.99061536e-01 
 2.24200000e-05  5.99265307e-01 
 2.24800000e-05  5.99469097e-01 
 2.25400000e-05  5.99672901e-01 
 2.26000000e-05  5.99876720e-01 
 2.26600000e-05  6.00080567e-01 
 2.27200000e-05  6.00284427e-01 
 2.27800000e-05  6.00488309e-01 
 2.28400000e-05  6.00692203e-01 
 2.29000000e-05  6.00896114e-01 
 2.29600000e-05  6.01100046e-01 
 2.30200000e-05  6.01303995e-01 
 2.30800000e-05  6.01507957e-01 
 2.31400000e-05  6.01711945e-01 
 2.32000000e-05  6.01915941e-01 
 2.32600000e-05  6.02119962e-01 
 2.33200000e-05  6.02323995e-01 
 2.33800000e-05  6.02528048e-01 
 2.34400000e-05  6.02732114e-01 
 2.35000000e-05  6.02936204e-01 
 2.35600000e-05  6.03140310e-01 
 2.36200000e-05  6.03344432e-01 
 2.36800000e-05  6.03548567e-01 
 2.37400000e-05  6.03752730e-01 
 2.38000000e-05  6.03956902e-01 
 2.38600000e-05  6.04161091e-01 
 2.39200000e-05  6.04365301e-01 
 2.39800000e-05  6.04569520e-01 
 2.40400000e-05  6.04773765e-01 
 2.41000000e-05  6.04978018e-01 
 2.41600000e-05  6.05182303e-01 
 2.42200000e-05  6.05386588e-01 
 2.42800000e-05  6.05590904e-01 
 2.43400000e-05  6.05795242e-01 
 2.44000000e-05  6.05999579e-01 
 2.44600000e-05  6.06203941e-01 
 2.45200000e-05  6.06408312e-01 
 2.45800000e-05  6.06612707e-01 
 2.46400000e-05  6.06817115e-01 
 2.47000000e-05  6.07021544e-01 
 2.47600000e-05  6.07225994e-01 
 2.48200000e-05  6.07430447e-01 
 2.48800000e-05  6.07634932e-01 
 2.49400000e-05  6.07839426e-01 
 2.50000000e-05  6.08043935e-01 
 2.50600000e-05  6.08248460e-01 
 2.51200000e-05  6.08453012e-01 
 2.51800000e-05  6.08657564e-01 
 2.52400000e-05  6.08862144e-01 
 2.53000000e-05  6.09066735e-01 
 2.53600000e-05  6.09271340e-01 
 2.54200000e-05  6.09475973e-01 
 2.54800000e-05  6.09680611e-01 
 2.55400000e-05  6.09885273e-01 
 2.56000000e-05  6.10089946e-01 
 2.56600000e-05  6.10294634e-01 
 2.57200000e-05  6.10499341e-01 
 2.57800000e-05  6.10704066e-01 
 2.58400000e-05  6.10908806e-01 
 2.59000000e-05  6.11113556e-01 
 2.59600000e-05  6.11318333e-01 
 2.60200000e-05  6.11523116e-01 
 2.60800000e-05  6.11727919e-01 
 2.61400000e-05  6.11932739e-01 
 2.62000000e-05  6.12137572e-01 
 2.62600000e-05  6.12342421e-01 
 2.63200000e-05  6.12547286e-01 
 2.63800000e-05  6.12752171e-01 
 2.64400000e-05  6.12957064e-01 
 2.65000000e-05  6.13161980e-01 
 2.65600000e-05  6.13366911e-01 
 2.66200000e-05  6.13571856e-01 
 2.66800000e-05  6.13776811e-01 
 2.67400000e-05  6.13981784e-01 
 2.68000000e-05  6.14186776e-01 
 2.68600000e-05  6.14391783e-01 
 2.69200000e-05  6.14596802e-01 
 2.69800000e-05  6.14801839e-01 
 2.70400000e-05  6.15006898e-01 
 2.71000000e-05  6.15211963e-01 
 2.71600000e-05  6.15417052e-01 
 2.72200000e-05  6.15622136e-01 
 2.72800000e-05  6.15827260e-01 
 2.73400000e-05  6.16032385e-01 
 2.74000000e-05  6.16237524e-01 
 2.74600000e-05  6.16442679e-01 
 2.75200000e-05  6.16647852e-01 
 2.75800000e-05  6.16853039e-01 
 2.76400000e-05  6.17058243e-01 
 2.77000000e-05  6.17263463e-01 
 2.77600000e-05  6.17468685e-01 
 2.78200000e-05  6.17673939e-01 
 2.78800000e-05  6.17879193e-01 
 2.79400000e-05  6.18084476e-01 
 2.80000000e-05  6.18289767e-01 
 2.80600000e-05  6.18495066e-01 
 2.81200000e-05  6.18700398e-01 
 2.81800000e-05  6.18905723e-01 
 2.82400000e-05  6.19111069e-01 
 2.83000000e-05  6.19316433e-01 
 2.83600000e-05  6.19521807e-01 
 2.84200000e-05  6.19727205e-01 
 2.84800000e-05  6.19932604e-01 
 2.85400000e-05  6.20138026e-01 
 2.86000000e-05  6.20343460e-01 
 2.86600000e-05  6.20548902e-01 
 2.87200000e-05  6.20754370e-01 
 2.87800000e-05  6.20959843e-01 
 2.88400000e-05  6.21165340e-01 
 2.89000000e-05  6.21370836e-01 
 2.89600000e-05  6.21576350e-01 
 2.90200000e-05  6.21781877e-01 
 2.90800000e-05  6.21987418e-01 
 2.91400000e-05  6.22192986e-01 
 2.92000000e-05  6.22398555e-01 
 2.92600000e-05  6.22604138e-01 
 2.93200000e-05  6.22809734e-01 
 2.93800000e-05  6.23015350e-01 
 2.94400000e-05  6.23220975e-01 
 2.95000000e-05  6.23426612e-01 
 2.95600000e-05  6.23632268e-01 
 2.96200000e-05  6.23837931e-01 
 2.96800000e-05  6.24043614e-01 
 2.97400000e-05  6.24249295e-01 
 2.98000000e-05  6.24455016e-01 
 2.98600000e-05  6.24660728e-01 
 2.99200000e-05  6.24866456e-01 
 2.99800000e-05  6.25072204e-01 
 3.00400000e-05  6.25277953e-01 
 3.01000000e-05  6.25483727e-01 
 3.01600000e-05  6.25689508e-01 
 3.02200000e-05  6.25895299e-01 
 3.02800000e-05  6.26101107e-01 
 3.03400000e-05  6.26306925e-01 
 3.04000000e-05  6.26512760e-01 
 3.04600000e-05  6.26718605e-01 
 3.05200000e-05  6.26924460e-01 
 3.05800000e-05  6.27130332e-01 
 3.06400000e-05  6.27336212e-01 
 3.07000000e-05  6.27542113e-01 
 3.07600000e-05  6.27748015e-01 
 3.08200000e-05  6.27953935e-01 
 3.08800000e-05  6.28159870e-01 
 3.09400000e-05  6.28365813e-01 
 3.10000000e-05  6.28571762e-01 
 3.10600000e-05  6.28777727e-01 
 3.11200000e-05  6.28983708e-01 
 3.11800000e-05  6.29189699e-01 
 3.12400000e-05  6.29395702e-01 
 3.13000000e-05  6.29601715e-01 
 3.13600000e-05  6.29807736e-01 
 3.14200000e-05  6.30013776e-01 
 3.14800000e-05  6.30219824e-01 
 3.15400000e-05  6.30425885e-01 
 3.16000000e-05  6.30631956e-01 
 3.16600000e-05  6.30838041e-01 
 3.17200000e-05  6.31044137e-01 
 3.17800000e-05  6.31250241e-01 
 3.18400000e-05  6.31456351e-01 
 3.19000000e-05  6.31662476e-01 
 3.19600000e-05  6.31868617e-01 
 3.20200000e-05  6.32074760e-01 
 3.20800000e-05  6.32280924e-01 
 3.21400000e-05  6.32487097e-01 
 3.22000000e-05  6.32693276e-01 
 3.22600000e-05  6.32899474e-01 
 3.23200000e-05  6.33105672e-01 
 3.23800000e-05  6.33311887e-01 
 3.24400000e-05  6.33518109e-01 
 3.25000000e-05  6.33724345e-01 
 3.25600000e-05  6.33930588e-01 
 3.26200000e-05  6.34136841e-01 
 3.26800000e-05  6.34343109e-01 
 3.27400000e-05  6.34549381e-01 
 3.28000000e-05  6.34755672e-01 
 3.28600000e-05  6.34961963e-01 
 3.29200000e-05  6.35168266e-01 
 3.29800000e-05  6.35374584e-01 
 3.30400000e-05  6.35580913e-01 
 3.31000000e-05  6.35787238e-01 
 3.31600000e-05  6.35993590e-01 
 3.32200000e-05  6.36199937e-01 
 3.32800000e-05  6.36406302e-01 
 3.33400000e-05  6.36612675e-01 
 3.34000000e-05  6.36819055e-01 
 3.34600000e-05  6.37025446e-01 
 3.35200000e-05  6.37231860e-01 
 3.35800000e-05  6.37438262e-01 
 3.36400000e-05  6.37644678e-01 
 3.37000000e-05  6.37851112e-01 
 3.37600000e-05  6.38057548e-01 
 3.38200000e-05  6.38263996e-01 
 3.38800000e-05  6.38470454e-01 
 3.39400000e-05  6.38676911e-01 
 3.40000000e-05  6.38883376e-01 
 3.40600000e-05  6.39089867e-01 
 3.41200000e-05  6.39296362e-01 
 3.41800000e-05  6.39502856e-01 
 3.42400000e-05  6.39709354e-01 
 3.43000000e-05  6.39915875e-01 
 3.43600000e-05  6.40122397e-01 
 3.44200000e-05  6.40328930e-01 
 3.44800000e-05  6.40535465e-01 
 3.45400000e-05  6.40742011e-01 
 3.46000000e-05  6.40948566e-01 
 3.46600000e-05  6.41155138e-01 
 3.47200000e-05  6.41361705e-01 
 3.47800000e-05  6.41568287e-01 
 3.48400000e-05  6.41774865e-01 
 3.49000000e-05  6.41981461e-01 
 3.49600000e-05  6.42188068e-01 
 3.50200000e-05  6.42394675e-01 
 3.50800000e-05  6.42601290e-01 
 3.51400000e-05  6.42807915e-01 
 3.52000000e-05  6.43014544e-01 
 3.52600000e-05  6.43221183e-01 
 3.53200000e-05  6.43427822e-01 
 3.53800000e-05  6.43634478e-01 
 3.54400000e-05  6.43841138e-01 
 3.55000000e-05  6.44047804e-01 
 3.55600000e-05  6.44254480e-01 
 3.56200000e-05  6.44461152e-01 
 3.56800000e-05  6.44667841e-01 
 3.57400000e-05  6.44874534e-01 
 3.58000000e-05  6.45081226e-01 
 3.58600000e-05  6.45287938e-01 
 3.59200000e-05  6.45494648e-01 
 3.59800000e-05  6.45701370e-01 
 3.60400000e-05  6.45908087e-01 
 3.61000000e-05  6.46114817e-01 
 3.61600000e-05  6.46321552e-01 
 3.62200000e-05  6.46528299e-01 
 3.62800000e-05  6.46735037e-01 
 3.63400000e-05  6.46941788e-01 
 3.64000000e-05  6.47148549e-01 
 3.64600000e-05  6.47355315e-01 
 3.65200000e-05  6.47562085e-01 
 3.65800000e-05  6.47768859e-01 
 3.66400000e-05  6.47975634e-01 
 3.67000000e-05  6.48182412e-01 
 3.67600000e-05  6.48389199e-01 
 3.68200000e-05  6.48596004e-01 
 3.68800000e-05  6.48802796e-01 
 3.69400000e-05  6.49009599e-01 
 3.70000000e-05  6.49216416e-01 
 3.70600000e-05  6.49423226e-01 
 3.71200000e-05  6.49630046e-01 
 3.71800000e-05  6.49836863e-01 
 3.72400000e-05  6.50043695e-01 
 3.73000000e-05  6.50250526e-01 
 3.73600000e-05  6.50457359e-01 
 3.74200000e-05  6.50664195e-01 
 3.74800000e-05  6.50871041e-01 
 3.75400000e-05  6.51077887e-01 
 3.76000000e-05  6.51284738e-01 
 3.76600000e-05  6.51491590e-01 
 3.77200000e-05  6.51698452e-01 
 3.77800000e-05  6.51905314e-01 
 3.78400000e-05  6.52112173e-01 
 3.79000000e-05  6.52319047e-01 
 3.79600000e-05  6.52525908e-01 
 3.80200000e-05  6.52732786e-01 
 3.80800000e-05  6.52939674e-01 
 3.81400000e-05  6.53146549e-01 
 3.82000000e-05  6.53353440e-01 
 3.82600000e-05  6.53560316e-01 
 3.83200000e-05  6.53767209e-01 
 3.83800000e-05  6.53974108e-01 
 3.84400000e-05  6.54180999e-01 
 3.85000000e-05  6.54387893e-01 
 3.85600000e-05  6.54594795e-01 
 3.86200000e-05  6.54801693e-01 
 3.86800000e-05  6.55008597e-01 
 3.87400000e-05  6.55215501e-01 
 3.88000000e-05  6.55422410e-01 
 3.88600000e-05  6.55629323e-01 
 3.89200000e-05  6.55836234e-01 
 3.89800000e-05  6.56043140e-01 
 3.90400000e-05  6.56250056e-01 
 3.91000000e-05  6.56456975e-01 
 3.91600000e-05  6.56663893e-01 
 3.92200000e-05  6.56870809e-01 
 3.92800000e-05  6.57077721e-01 
 3.93400000e-05  6.57284649e-01 
 3.94000000e-05  6.57491566e-01 
 3.94600000e-05  6.57698487e-01 
 3.95200000e-05  6.57905409e-01 
 3.95800000e-05  6.58112330e-01 
 3.96400000e-05  6.58319258e-01 
 3.97000000e-05  6.58526179e-01 
 3.97600000e-05  6.58733108e-01 
 3.98200000e-05  6.58940034e-01 
 3.98800000e-05  6.59146956e-01 
 3.99400000e-05  6.59353885e-01 
 4.00000000e-05  6.59560806e-01 
